Energie FIRSTSCAN
1153.600     239.00
1153.100     233.00
1152.600     239.00
1152.100     247.00
1151.600     219.00
1151.100     265.00
1150.600     235.00
1150.100     223.00
1149.600     196.00
1149.100     220.00
1148.600     255.00
1148.100     198.00
1147.600     211.00
1147.100     247.00
1146.600     208.00
1146.100     218.00
1145.600     288.00
1145.100     239.00
1144.600     194.00
1144.100     216.00
1143.600     249.00
1143.100     206.00
1142.600     220.00
1142.100     202.00
1141.600     183.00
1141.100     209.00
1140.600     210.00
1140.100     195.00
1139.600     205.00
1139.100     218.00
1138.600     202.00
1138.100     194.00
1137.600     175.00
1137.100     194.00
1136.600     222.00
1136.100     186.00
1135.600     209.00
1135.100     195.00
1134.600     199.00
1134.100     184.00
1133.600     169.00
1133.100     186.00
1132.600     183.00
1132.100     191.00
1131.600     225.00
1131.100     192.00
1130.600     183.00
1130.100     166.00
1129.600     208.00
1129.100     200.00
1128.600     191.00
1128.100     179.00
1127.600     200.00
1127.100     169.00
1126.600     194.00
1126.100     222.00
1125.600     201.00
1125.100     168.00
1124.600     186.00
1124.100     202.00
1123.600     183.00
1123.100     169.00
1122.600     185.00
1122.100     185.00
1121.600     193.00
1121.100     191.00
1120.600     162.00
1120.100     154.00
1119.600     174.00
1119.100     166.00
1118.600     189.00
1118.100     150.00
1117.600     170.00
1117.100     189.00
1116.600     176.00
1116.100     178.00
1115.600     157.00
1115.100     175.00
1114.600     188.00
1114.100     150.00
1113.600     183.00
1113.100     187.00
1112.600     146.00
1112.100     183.00
1111.600     187.00
1111.100     189.00
1110.600     148.00
1110.100     168.00
1109.600     172.00
1109.100     150.00
1108.600     168.00
1108.100     166.00
1107.600     172.00
1107.100     165.00
1106.600     154.00
1106.100     166.00
1105.600     162.00
1105.100     151.00
1104.600     168.00
1104.100     169.00
1103.600     152.00
1103.100     146.00
1102.600     200.00
1102.100     180.00
1101.600     163.00
1101.100     140.00
1100.600     179.00
1100.100     178.00
1099.600     169.00
1099.100     182.00
1098.600     179.00
1098.100     146.00
1097.600     159.00
1097.100     146.00
1096.600     153.00
1096.100     158.00
1095.600     172.00
1095.100     172.00
1094.600     164.00
1094.100     165.00
1093.600     163.00
1093.100     149.00
1092.600     168.00
1092.100     182.00
1091.600     157.00
1091.100     148.00
1090.600     163.00
1090.100     188.00
1089.600     171.00
1089.100     167.00
1088.600     176.00
1088.100     146.00
1087.600     150.00
1087.100     150.00
1086.600     163.00
1086.100     152.00
1085.600     172.00
1085.100     146.00
1084.600     155.00
1084.100     116.00
1083.600     159.00
1083.100     158.00
1082.600     149.00
1082.100     172.00
1081.600     173.00
1081.100     174.00
1080.600     145.00
1080.100     178.00
1079.600     156.00
1079.100     147.00
1078.600     152.00
1078.100     148.00
1077.600     168.00
1077.100     135.00
1076.600     147.00
1076.100     159.00
1075.600     163.00
1075.100     168.00
1074.600     162.00
1074.100     146.00
1073.600     150.00
1073.100     153.00
1072.600     186.00
1072.100     174.00
1071.600     170.00
1071.100     158.00
1070.600     134.00
1070.100     169.00
1069.600     130.00
1069.100     135.00
1068.600     143.00
1068.100     150.00
1067.600     150.00
1067.100     146.00
1066.600     169.00
1066.100     141.00
1065.600     146.00
1065.100     151.00
1064.600     141.00
1064.100     151.00
1063.600     162.00
1063.100     188.00
1062.600     154.00
1062.100     160.00
1061.600     175.00
1061.100     151.00
1060.600     151.00
1060.100     126.00
1059.600     160.00
1059.100     151.00
1058.600     144.00
1058.100     161.00
1057.600     161.00
1057.100     175.00
1056.600     147.00
1056.100     161.00
1055.600     162.00
1055.100     188.00
1054.600     156.00
1054.100     166.00
1053.600     167.00
1053.100     161.00
1052.600     173.00
1052.100     143.00
1051.600     139.00
1051.100     155.00
1050.600     149.00
1050.100     168.00
1049.600     134.00
1049.100     167.00
1048.600     171.00
1048.100     143.00
1047.600     149.00
1047.100     146.00
1046.600     173.00
1046.100     164.00
1045.600     162.00
1045.100     146.00
1044.600     138.00
1044.100     153.00
1043.600     161.00
1043.100     142.00
1042.600     157.00
1042.100     168.00
1041.600     162.00
1041.100     154.00
1040.600     143.00
1040.100     165.00
1039.600     137.00
1039.100     165.00
1038.600     174.00
1038.100     145.00
1037.600     164.00
1037.100     139.00
1036.600     158.00
1036.100     169.00
1035.600     140.00
1035.100     168.00
1034.600     158.00
1034.100     156.00
1033.600     152.00
1033.100     139.00
1032.600     180.00
1032.100     165.00
1031.600     153.00
1031.100     137.00
1030.600     162.00
1030.100     170.00
1029.600     167.00
1029.100     127.00
1028.600     145.00
1028.100     169.00
1027.600     158.00
1027.100     165.00
1026.600     159.00
1026.100     153.00
1025.600     139.00
1025.100     178.00
1024.600     157.00
1024.100     166.00
1023.600     144.00
1023.100     153.00
1022.600     158.00
1022.100     170.00
1021.600     173.00
1021.100     162.00
1020.600     147.00
1020.100     158.00
1019.600     167.00
1019.100     171.00
1018.600     152.00
1018.100     192.00
1017.600     177.00
1017.100     175.00
1016.600     165.00
1016.100     152.00
1015.600     183.00
1015.100     150.00
1014.600     158.00
1014.100     153.00
1013.600     168.00
1013.100     172.00
1012.600     178.00
1012.100     176.00
1011.600     158.00
1011.100     185.00
1010.600     188.00
1010.100     198.00
1009.600     179.00
1009.100     170.00
1008.600     159.00
1008.100     161.00
1007.600     190.00
1007.100     178.00
1006.600     182.00
1006.100     160.00
1005.600     181.00
1005.100     183.00
1004.600     163.00
1004.100     165.00
1003.600     192.00
1003.100     166.00
1002.600     164.00
1002.100     194.00
1001.600     150.00
1001.100     165.00
1000.600     181.00
1000.100     183.00
999.600     184.00
999.100     164.00
998.600     182.00
998.100     190.00
997.600     171.00
997.100     158.00
996.600     194.00
996.100     183.00
995.600     184.00
995.100     167.00
994.600     168.00
994.100     179.00
993.600     191.00
993.100     188.00
992.600     187.00
992.100     169.00
991.600     212.00
991.100     179.00
990.600     158.00
990.100     189.00
989.600     204.00
989.100     178.00
988.600     164.00
988.100     169.00
987.600     162.00
987.100     158.00
986.600     191.00
986.100     160.00
985.600     176.00
985.100     169.00
984.600     165.00
984.100     180.00
983.600     153.00
983.100     167.00
982.600     171.00
982.100     189.00
981.600     193.00
981.100     181.00
980.600     198.00
980.100     161.00
979.600     184.00
979.100     182.00
978.600     162.00
978.100     159.00
977.600     152.00
977.100     189.00
976.600     177.00
976.100     184.00
975.600     175.00
975.100     188.00
974.600     161.00
974.100     160.00
973.600     163.00
973.100     162.00
972.600     155.00
972.100     168.00
971.600     166.00
971.100     151.00
970.600     147.00
970.100     152.00
969.600     152.00
969.100     161.00
968.600     157.00
968.100     173.00
967.600     147.00
967.100     146.00
966.600     177.00
966.100     153.00
965.600     185.00
965.100     168.00
964.600     142.00
964.100     156.00
963.600     164.00
963.100     164.00
962.600     160.00
962.100     180.00
961.600     170.00
961.100     161.00
960.600     171.00
960.100     152.00
959.600     175.00
959.100     154.00
958.600     160.00
958.100     148.00
957.600     145.00
957.100     156.00
956.600     167.00
956.100     152.00
955.600     155.00
955.100     142.00
954.600     173.00
954.100     172.00
953.600     161.00
953.100     160.00
952.600     128.00
952.100     166.00
951.600     129.00
951.100     179.00
950.600     171.00
950.100     158.00
949.600     147.00
949.100     170.00
948.600     166.00
948.100     170.00
947.600     155.00
947.100     172.00
946.600     173.00
946.100     155.00
945.600     182.00
945.100     164.00
944.600     168.00
944.100     149.00
943.600     159.00
943.100     146.00
942.600     164.00
942.100     155.00
941.600     153.00
941.100     147.00
940.600     150.00
940.100     153.00
939.600     196.00
939.100     157.00
938.600     174.00
938.100     156.00
937.600     171.00
937.100     166.00
936.600     169.00
936.100     142.00
935.600     175.00
935.100     159.00
934.600     156.00
934.100     166.00
933.600     166.00
933.100     153.00
932.600     181.00
932.100     164.00
931.600     156.00
931.100     160.00
930.600     160.00
930.100     170.00
929.600     161.00
929.100     178.00
928.600     191.00
928.100     170.00
927.600     160.00
927.100     163.00
926.600     164.00
926.100     167.00
925.600     175.00
925.100     161.00
924.600     134.00
924.100     191.00
923.600     182.00
923.100     168.00
922.600     171.00
922.100     164.00
921.600     181.00
921.100     162.00
920.600     185.00
920.100     184.00
919.600     158.00
919.100     160.00
918.600     193.00
918.100     178.00
917.600     155.00
917.100     199.00
916.600     200.00
916.100     168.00
915.600     179.00
915.100     161.00
914.600     171.00
914.100     162.00
913.600     166.00
913.100     162.00
912.600     148.00
912.100     151.00
911.600     154.00
911.100     167.00
910.600     176.00
910.100     157.00
909.600     155.00
909.100     172.00
908.600     173.00
908.100     175.00
907.600     157.00
907.100     164.00
906.600     161.00
906.100     177.00
905.600     155.00
905.100     184.00
904.600     158.00
904.100     172.00
903.600     183.00
903.100     172.00
902.600     176.00
902.100     147.00
901.600     166.00
901.100     207.00
900.600     179.00
900.100     169.00
899.600     160.00
899.100     182.00
898.600     158.00
898.100     163.00
897.600     192.00
897.100     172.00
896.600     184.00
896.100     160.00
895.600     189.00
895.100     161.00
894.600     161.00
894.100     168.00
893.600     155.00
893.100     167.00
892.600     182.00
892.100     152.00
891.600     153.00
891.100     170.00
890.600     165.00
890.100     178.00
889.600     172.00
889.100     166.00
888.600     146.00
888.100     170.00
887.600     185.00
887.100     179.00
886.600     182.00
886.100     151.00
885.600     209.00
885.100     168.00
884.600     153.00
884.100     181.00
883.600     185.00
883.100     198.00
882.600     164.00
882.100     176.00
881.600     169.00
881.100     179.00
880.600     182.00
880.100     205.00
879.600     170.00
879.100     178.00
878.600     179.00
878.100     164.00
877.600     162.00
877.100     176.00
876.600     179.00
876.100     165.00
875.600     178.00
875.100     173.00
874.600     151.00
874.100     172.00
873.600     175.00
873.100     175.00
872.600     181.00
872.100     183.00
871.600     166.00
871.100     190.00
870.600     169.00
870.100     175.00
869.600     159.00
869.100     188.00
868.600     146.00
868.100     181.00
867.600     177.00
867.100     195.00
866.600     167.00
866.100     197.00
865.600     186.00
865.100     164.00
864.600     158.00
864.100     165.00
863.600     176.00
863.100     161.00
862.600     177.00
862.100     173.00
861.600     174.00
861.100     159.00
860.600     159.00
860.100     170.00
859.600     186.00
859.100     179.00
858.600     159.00
858.100     180.00
857.600     174.00
857.100     168.00
856.600     176.00
856.100     176.00
855.600     161.00
855.100     183.00
854.600     176.00
854.100     201.00
853.600     188.00
853.100     183.00
852.600     176.00
852.100     179.00
851.600     165.00
851.100     173.00
850.600     190.00
850.100     162.00
849.600     160.00
849.100     180.00
848.600     180.00
848.100     182.00
847.600     176.00
847.100     164.00
846.600     153.00
846.100     138.00
845.600     165.00
845.100     176.00
844.600     188.00
844.100     162.00
843.600     152.00
843.100     145.00
842.600     186.00
842.100     163.00
841.600     161.00
841.100     150.00
840.600     171.00
840.100     183.00
839.600     175.00
839.100     158.00
838.600     160.00
838.100     159.00
837.600     166.00
837.100     158.00
836.600     174.00
836.100     165.00
835.600     161.00
835.100     171.00
834.600     166.00
834.100     156.00
833.600     177.00
833.100     173.00
832.600     160.00
832.100     170.00
831.600     158.00
831.100     185.00
830.600     180.00
830.100     184.00
829.600     192.00
829.100     179.00
828.600     193.00
828.100     183.00
827.600     186.00
827.100     192.00
826.600     174.00
826.100     177.00
825.600     165.00
825.100     138.00
824.600     170.00
824.100     166.00
823.600     163.00
823.100     176.00
822.600     175.00
822.100     165.00
821.600     170.00
821.100     171.00
820.600     129.00
820.100     160.00
819.600     161.00
819.100     158.00
818.600     159.00
818.100     181.00
817.600     154.00
817.100     152.00
816.600     173.00
816.100     192.00
815.600     152.00
815.100     161.00
814.600     187.00
814.100     188.00
813.600     179.00
813.100     160.00
812.600     164.00
812.100     158.00
811.600     173.00
811.100     163.00
810.600     156.00
810.100     170.00
809.600     145.00
809.100     144.00
808.600     178.00
808.100     194.00
807.600     163.00
807.100     165.00
806.600     146.00
806.100     156.00
805.600     151.00
805.100     177.00
804.600     166.00
804.100     158.00
803.600     162.00
803.100     192.00
802.600     174.00
802.100     188.00
801.600     172.00
801.100     183.00
800.600     160.00
800.100     190.00
799.600     166.00
799.100     150.00
798.600     173.00
798.100     155.00
797.600     149.00
797.100     158.00
796.600     178.00
796.100     171.00
795.600     192.00
795.100     174.00
794.600     163.00
794.100     187.00
793.600     163.00
793.100     186.00
792.600     172.00
792.100     164.00
791.600     200.00
791.100     164.00
790.600     157.00
790.100     212.00
789.600     209.00
789.100     196.00
788.600     186.00
788.100     197.00
787.600     176.00
787.100     183.00
786.600     188.00
786.100     220.00
785.600     184.00
785.100     188.00
784.600     210.00
784.100     204.00
783.600     203.00
783.100     176.00
782.600     191.00
782.100     179.00
781.600     195.00
781.100     192.00
780.600     189.00
780.100     191.00
779.600     180.00
779.100     197.00
778.600     196.00
778.100     209.00
777.600     211.00
777.100     185.00
776.600     190.00
776.100     209.00
775.600     195.00
775.100     193.00
774.600     191.00
774.100     200.00
773.600     185.00
773.100     216.00
772.600     218.00
772.100     212.00
771.600     209.00
771.100     218.00
770.600     226.00
770.100     224.00
769.600     200.00
769.100     246.00
768.600     228.00
768.100     260.00
767.600     195.00
767.100     253.00
766.600     226.00
766.100     241.00
765.600     233.00
765.100     247.00
764.600     252.00
764.100     234.00
763.600     210.00
763.100     209.00
762.600     202.00
762.100     217.00
761.600     203.00
761.100     215.00
760.600     215.00
760.100     194.00
759.600     197.00
759.100     166.00
758.600     209.00
758.100     184.00
757.600     190.00
757.100     175.00
756.600     217.00
756.100     167.00
755.600     219.00
755.100     185.00
754.600     211.00
754.100     203.00
753.600     200.00
753.100     201.00
752.600     247.00
752.100     217.00
751.600     235.00
751.100     212.00
750.600     222.00
750.100     229.00
749.600     242.00
749.100     251.00
748.600     249.00
748.100     295.00
747.600     277.00
747.100     303.00
746.600     317.00
746.100     334.00
745.600     298.00
745.100     302.00
744.600     347.00
744.100     285.00
743.600     243.00
743.100     282.00
742.600     226.00
742.100     253.00
741.600     226.00
741.100     231.00
740.600     224.00
740.100     198.00
739.600     240.00
739.100     192.00
738.600     191.00
738.100     178.00
737.600     166.00
737.100     174.00
736.600     154.00
736.100     152.00
735.600     171.00
735.100     152.00
734.600     140.00
734.100     142.00
733.600     154.00
733.100     140.00
732.600     140.00
732.100     149.00
731.600     133.00
731.100     111.00
730.600     126.00
730.100     123.00
729.600     126.00
729.100     137.00
728.600     135.00
728.100     132.00
727.600     116.00
727.100     123.00
726.600     131.00
726.100     126.00
725.600     151.00
725.100     133.00
724.600     125.00
724.100     122.00
723.600     116.00
723.100     143.00
722.600     107.00
722.100     115.00
721.600     127.00
721.100     127.00
720.600     136.00
720.100     127.00
719.600     116.00
719.100     123.00
718.600     127.00
718.100     135.00
717.600     124.00
717.100     114.00
716.600     123.00
716.100     132.00
715.600     115.00
715.100     126.00
714.600     124.00
714.100     111.00
713.600     124.00
713.100     137.00
712.600     143.00
712.100     110.00
711.600     130.00
711.100     126.00
710.600     119.00
710.100     101.00
709.600     107.00
709.100     125.00
708.600     108.00
708.100     130.00
707.600     119.00
707.100     126.00
706.600     131.00
706.100     129.00
705.600     124.00
705.100     116.00
704.600     130.00
704.100     128.00
703.600     116.00
703.100     121.00
702.600     115.00
702.100     130.00
701.600     122.00
701.100     120.00
700.600     119.00
700.100     114.00
699.600     114.00
699.100     126.00
698.600     112.00
698.100     117.00
697.600     102.00
697.100     119.00
696.600     139.00
696.100     108.00
695.600     154.00
695.100     127.00
694.600     154.00
694.100     142.00
693.600     114.00
693.100     136.00
692.600     144.00
692.100     126.00
691.600     120.00
691.100     135.00
690.600     126.00
690.100     135.00
689.600     129.00
689.100     128.00
688.600     108.00
688.100     113.00
687.600     127.00
687.100     101.00
686.600     106.00
686.100     119.00
685.600     119.00
685.100     141.00
684.600     118.00
684.100     155.00
683.600     118.00
683.100     149.00
682.600     131.00
682.100     115.00
681.600     136.00
681.100     117.00
680.600      97.00
680.100     138.00
679.600     121.00
679.100     139.00
678.600     116.00
678.100     137.00
677.600     135.00
677.100     140.00
676.600     144.00
676.100     125.00
675.600     122.00
675.100     123.00
674.600     141.00
674.100     128.00
673.600     113.00
673.100     114.00
672.600     113.00
672.100     147.00
671.600     127.00
671.100     122.00
670.600     127.00
670.100     115.00
669.600     148.00
669.100     121.00
668.600     127.00
668.100     118.00
667.600     116.00
667.100     116.00
666.600     133.00
666.100     138.00
665.600     121.00
665.100     105.00
664.600     122.00
664.100     131.00
663.600     139.00
663.100     130.00
662.600     135.00
662.100     132.00
661.600     136.00
661.100     118.00
660.600     124.00
660.100     124.00
659.600     129.00
659.100     145.00
658.600     127.00
658.100     131.00
657.600     122.00
657.100     128.00
656.600     107.00
656.100     106.00
655.600     112.00
655.100     120.00
654.600     135.00
654.100     130.00
653.600      96.00
653.100     143.00
652.600     118.00
652.100     117.00
651.600     122.00
651.100     134.00
650.600     137.00
650.100     124.00
649.600      93.00
649.100     139.00
648.600     118.00
648.100     137.00
647.600     129.00
647.100     105.00
646.600     101.00
646.100     130.00
645.600     119.00
645.100     140.00
644.600     137.00
644.100     116.00
643.600     118.00
643.100     101.00
642.600     125.00
642.100     114.00
641.600     113.00
641.100     107.00
640.600     126.00
640.100     109.00
639.600     125.00
639.100     135.00
638.600     131.00
638.100     126.00
637.600     113.00
637.100     117.00
636.600     114.00
636.100     128.00
635.600     141.00
635.100     120.00
634.600     126.00
634.100     115.00
633.600     122.00
633.100     133.00
632.600     117.00
632.100     129.00
631.600     125.00
631.100     134.00
630.600     128.00
630.100     121.00
629.600     113.00
629.100     113.00
628.600     122.00
628.100     136.00
627.600     124.00
627.100     129.00
626.600     122.00
626.100     128.00
625.600     115.00
625.100     146.00
624.600     122.00
624.100     125.00
623.600     122.00
623.100     106.00
622.600     142.00
622.100     119.00
621.600     124.00
621.100     103.00
620.600     137.00
620.100     133.00
619.600     124.00
619.100     122.00
618.600     122.00
618.100     125.00
617.600     115.00
617.100     118.00
616.600     125.00
616.100     125.00
615.600     109.00
615.100     119.00
614.600     150.00
614.100     129.00
613.600     112.00
613.100     136.00
612.600     168.00
612.100     136.00
611.600     127.00
611.100     121.00
610.600     134.00
610.100     130.00
609.600     108.00
609.100     148.00
608.600     134.00
608.100     134.00
607.600     124.00
607.100     118.00
606.600     120.00
606.100     131.00
605.600     131.00
605.100     129.00
604.600     135.00
604.100     136.00
603.600     133.00
603.100     118.00
602.600     143.00
602.100     130.00
601.600     137.00
601.100     134.00
600.600     120.00
600.100     110.00
599.600     135.00
599.100     117.00
598.600     111.00
598.100     126.00
597.600     122.00
597.100     136.00
596.600     133.00
596.100     127.00
595.600     141.00
595.100     114.00
594.600     125.00
594.100     119.00
593.600     141.00
593.100     135.00
592.600     130.00
592.100     144.00
591.600     148.00
591.100     155.00
590.600     120.00
590.100     129.00
589.600     135.00
589.100     146.00
588.600     132.00
588.100     130.00
587.600     152.00
587.100     154.00
586.600     141.00
586.100     141.00
585.600     148.00
585.100     114.00
584.600     135.00
584.100     146.00
583.600     130.00
583.100     135.00
582.600     128.00
582.100     134.00
581.600     151.00
581.100     145.00
580.600     131.00
580.100     140.00
579.600     150.00
579.100     133.00
578.600     127.00
578.100     139.00
577.600     128.00
577.100     138.00
576.600     142.00
576.100     141.00
575.600     140.00
575.100     130.00
574.600     139.00
574.100     124.00
573.600     139.00
573.100     126.00
572.600     136.00
572.100     131.00
571.600     131.00
571.100     147.00
570.600     116.00
570.100     149.00
569.600     137.00
569.100     131.00
568.600     154.00
568.100     144.00
567.600     117.00
567.100     137.00
566.600     129.00
566.100     165.00
565.600     153.00
565.100     130.00
564.600     130.00
564.100     152.00
563.600     138.00
563.100     133.00
562.600     144.00
562.100     143.00
561.600     136.00
561.100     154.00
560.600     131.00
560.100     146.00
559.600     146.00
559.100     148.00
558.600     157.00
558.100     141.00
557.600     133.00
557.100     156.00
556.600     114.00
556.100     137.00
555.600     140.00
555.100     146.00
554.600     136.00
554.100     163.00
553.600     139.00
553.100     146.00
552.600     144.00
552.100     150.00
551.600     163.00
551.100     127.00
550.600     144.00
550.100     163.00
549.600     128.00
549.100     151.00
548.600     144.00
548.100     129.00
547.600     150.00
547.100     125.00
546.600     144.00
546.100     141.00
545.600     131.00
545.100     130.00
544.600     132.00
544.100     107.00
543.600     135.00
543.100     148.00
542.600     135.00
542.100     125.00
541.600     119.00
541.100     124.00
540.600     116.00
540.100     147.00
539.600     123.00
539.100     130.00
538.600     123.00
538.100     119.00
537.600     136.00
537.100     126.00
536.600     129.00
536.100     139.00
535.600     132.00
535.100     101.00
534.600     123.00
534.100     170.00
533.600     204.00
533.100     296.00
532.600     451.00
532.100     514.00
531.600     450.00
531.100     361.00
530.600     255.00
530.100     200.00
529.600     158.00
529.100     133.00
528.600     138.00
528.100     127.00
527.600     141.00
527.100     116.00
526.600     134.00
526.100     103.00
525.600     135.00
525.100     118.00
524.600     151.00
524.100     165.00
523.600     151.00
523.100     135.00
522.600     149.00
522.100     139.00
521.600     166.00
521.100     164.00
520.600     115.00
520.100     106.00
519.600     115.00
519.100     113.00
518.600     114.00
518.100     123.00
517.600     128.00
517.100     108.00
516.600     109.00
516.100     110.00
515.600     113.00
515.100     103.00
514.600     112.00
514.100      94.00
513.600     114.00
513.100     122.00
512.600     109.00
512.100     116.00
511.600     115.00
511.100     122.00
510.600     102.00
510.100     127.00
509.600     127.00
509.100     117.00
508.600     129.00
508.100      89.00
507.600     128.00
507.100     110.00
506.600     120.00
506.100     114.00
505.600     118.00
505.100     140.00
504.600     113.00
504.100     106.00
503.600     136.00
503.100     117.00
502.600     120.00
502.100     113.00
501.600     115.00
501.100     118.00
500.600     114.00
500.100      97.00
499.600     127.00
499.100      92.00
498.600      92.00
498.100      99.00
497.600      99.00
497.100     114.00
496.600     105.00
496.100     118.00
495.600     114.00
495.100     139.00
494.600     122.00
494.100     108.00
493.600     104.00
493.100     113.00
492.600     100.00
492.100     121.00
491.600     114.00
491.100     101.00
490.600      95.00
490.100     106.00
489.600     108.00
489.100     110.00
488.600     123.00
488.100     129.00
487.600     133.00
487.100     133.00
486.600     126.00
486.100     114.00
485.600     110.00
485.100     119.00
484.600     105.00
484.100     132.00
483.600     116.00
483.100     109.00
482.600     116.00
482.100     110.00
481.600     102.00
481.100     111.00
480.600      95.00
480.100     125.00
479.600     106.00
479.100     121.00
478.600     109.00
478.100     116.00
477.600     122.00
477.100     108.00
476.600     106.00
476.100     132.00
475.600     103.00
475.100      98.00
474.600     112.00
474.100     126.00
473.600      99.00
473.100     113.00
472.600      92.00
472.100     104.00
471.600     105.00
471.100     103.00
470.600      93.00
470.100     115.00
469.600     119.00
469.100     133.00
468.600     109.00
468.100     120.00
467.600     115.00
467.100     109.00
466.600     114.00
466.100     120.00
465.600     123.00
465.100     112.00
464.600     114.00
464.100     124.00
463.600     107.00
463.100     111.00
462.600     130.00
462.100      91.00
461.600     110.00
461.100     120.00
460.600     102.00
460.100     111.00
459.600     104.00
459.100     107.00
458.600     117.00
458.100      91.00
457.600     103.00
457.100     115.00
456.600     126.00
456.100     106.00
455.600     103.00
455.100     116.00
454.600     114.00
454.100     113.00
453.600     109.00
453.100     110.00
452.600     104.00
452.100     107.00
451.600      87.00
451.100     121.00
450.600     106.00
450.100     120.00
449.600     140.00
449.100     117.00
448.600     116.00
448.100     102.00
447.600     106.00
447.100      98.00
446.600      88.00
446.100     113.00
445.600     115.00
445.100     108.00
444.600      97.00
444.100     109.00
443.600     105.00
443.100     102.00
442.600     105.00
442.100     120.00
441.600      99.00
441.100     103.00
440.600     123.00
440.100      91.00
439.600     117.00
439.100     120.00
438.600     109.00
438.100     105.00
437.600     114.00
437.100     105.00
436.600     102.00
436.100      98.00
435.600     115.00
435.100     112.00
434.600     105.00
434.100      99.00
433.600     109.00
433.100     122.00
432.600     110.00
432.100     113.00
431.600     108.00
431.100      96.00
430.600     115.00
430.100      96.00
429.600     100.00
429.100     115.00
428.600     144.00
428.100     130.00
427.600     115.00
427.100     114.00
426.600     112.00
426.100     120.00
425.600     104.00
425.100     103.00
424.600     106.00
424.100     109.00
423.600     108.00
423.100     108.00
422.600      91.00
422.100     108.00
421.600     100.00
421.100     117.00
420.600     129.00
420.100     134.00
419.600     122.00
419.100      94.00
418.600     107.00
418.100     128.00
417.600      96.00
417.100     109.00
416.600      94.00
416.100     111.00
415.600     149.00
415.100     111.00
414.600     118.00
414.100     110.00
413.600     105.00
413.100     121.00
412.600     102.00
412.100     111.00
411.600     119.00
411.100      99.00
410.600     104.00
410.100     118.00
409.600     102.00
409.100     117.00
408.600     105.00
408.100     125.00
407.600     137.00
407.100     101.00
406.600     105.00
406.100     106.00
405.600     115.00
405.100     103.00
404.600      98.00
404.100      99.00
403.600     105.00
403.100     117.00
402.600     122.00
402.100     104.00
401.600     103.00
401.100     117.00
400.600      99.00
400.100      95.00
399.600     106.00
399.100     101.00
398.600     100.00
398.100      89.00
397.600     103.00
397.100     108.00
396.600     106.00
396.100      92.00
395.600     106.00
395.100     116.00
394.600     113.00
394.100      98.00
393.600     119.00
393.100     109.00
392.600     102.00
392.100     106.00
391.600     111.00
391.100     122.00
390.600     107.00
390.100     102.00
389.600      96.00
389.100     121.00
388.600     112.00
388.100     109.00
387.600     105.00
387.100      91.00
386.600     119.00
386.100     101.00
385.600      99.00
385.100     113.00
384.600     113.00
384.100     108.00
383.600     110.00
383.100     121.00
382.600     109.00
382.100     122.00
381.600     103.00
381.100     100.00
380.600     117.00
380.100     116.00
379.600     105.00
379.100     113.00
378.600     108.00
378.100     107.00
377.600     102.00
377.100     125.00
376.600     101.00
376.100     116.00
375.600     107.00
375.100     107.00
374.600     116.00
374.100      89.00
373.600     111.00
373.100     101.00
372.600     105.00
372.100     107.00
371.600     110.00
371.100     114.00
370.600     100.00
370.100     111.00
369.600     110.00
369.100      92.00
368.600     119.00
368.100     116.00
367.600     112.00
367.100     105.00
366.600      93.00
366.100     135.00
365.600     101.00
365.100     100.00
364.600     132.00
364.100     111.00
363.600     111.00
363.100     123.00
362.600     107.00
362.100      85.00
361.600     112.00
361.100      99.00
360.600     108.00
360.100     117.00
359.600      93.00
359.100     102.00
358.600     108.00
358.100     109.00
357.600     107.00
357.100      93.00
356.600     124.00
356.100     102.00
355.600     103.00
355.100     121.00
354.600     117.00
354.100     106.00
353.600     119.00
353.100     110.00
352.600     116.00
352.100     112.00
351.600     106.00
351.100     100.00
350.600     114.00
350.100     104.00
349.600     116.00
349.100     121.00
348.600     102.00
348.100     101.00
347.600     107.00
347.100     116.00
346.600     113.00
346.100     108.00
345.600      95.00
345.100     111.00
344.600     115.00
344.100     121.00
343.600     105.00
343.100      93.00
342.600     119.00
342.100     100.00
341.600      98.00
341.100     112.00
340.600     120.00
340.100     102.00
339.600     117.00
339.100     103.00
338.600      93.00
338.100     113.00
337.600     123.00
337.100     115.00
336.600     119.00
336.100     114.00
335.600     101.00
335.100     114.00
334.600     104.00
334.100     102.00
333.600     118.00
333.100     106.00
332.600     116.00
332.100     113.00
331.600      90.00
331.100     114.00
330.600     114.00
330.100     122.00
329.600     101.00
329.100      86.00
328.600     115.00
328.100     107.00
327.600     122.00
327.100     117.00
326.600     107.00
326.100     102.00
325.600     105.00
325.100     139.00
324.600     107.00
324.100     111.00
323.600     117.00
323.100      95.00
322.600     107.00
322.100     101.00
321.600      96.00
321.100     103.00
320.600     103.00
320.100     114.00
319.600     103.00
319.100     110.00
318.600     115.00
318.100      93.00
317.600     108.00
317.100      92.00
316.600     108.00
316.100     110.00
315.600     112.00
315.100     111.00
314.600     119.00
314.100     103.00
313.600     116.00
313.100     107.00
312.600      95.00
312.100     117.00
311.600     123.00
311.100     103.00
310.600     118.00
310.100     121.00
309.600      99.00
309.100     134.00
308.600     121.00
308.100     113.00
307.600     112.00
307.100     110.00
306.600     112.00
306.100     107.00
305.600     104.00
305.100     105.00
304.600     115.00
304.100     110.00
303.600     115.00
303.100     110.00
302.600      95.00
302.100     108.00
301.600     123.00
301.100     114.00
300.600     100.00
300.100     102.00
299.600     122.00
299.100     108.00
298.600     121.00
298.100     118.00
297.600     109.00
297.100     106.00
296.600     104.00
296.100     115.00
295.600     126.00
295.100     123.00
294.600     103.00
294.100     114.00
293.600     118.00
293.100     112.00
292.600      95.00
292.100     115.00
291.600     118.00
291.100     122.00
290.600      97.00
290.100     117.00
289.600     130.00
289.100     108.00
288.600     109.00
288.100     121.00
287.600     125.00
287.100     109.00
286.600     114.00
286.100     130.00
285.600     117.00
285.100     135.00
284.600     138.00
284.100     129.00
283.600      99.00
283.100     123.00
282.600     110.00
282.100     129.00
281.600     125.00
281.100     105.00
280.600     110.00
280.100     116.00
279.600     100.00
279.100     133.00
278.600     106.00
278.100      87.00
277.600     110.00
277.100     109.00
276.600     113.00
276.100     117.00
275.600      96.00
275.100     103.00
274.600     111.00
274.100     107.00
273.600     122.00
273.100     133.00
272.600     104.00
272.100     109.00
271.600     121.00
271.100      98.00
270.600      90.00
270.100     101.00
269.600     109.00
269.100      95.00
268.600      97.00
268.100     128.00
267.600     104.00
267.100     126.00
266.600     110.00
266.100     113.00
265.600     127.00
265.100     104.00
264.600     119.00
264.100     118.00
263.600     113.00
263.100     116.00
262.600     115.00
262.100     113.00
261.600      98.00
261.100     112.00
260.600     119.00
260.100      90.00
259.600     117.00
259.100     101.00
258.600     106.00
258.100     108.00
257.600     108.00
257.100     103.00
256.600     112.00
256.100     118.00
255.600     107.00
255.100     133.00
254.600      98.00
254.100      98.00
253.600     105.00
253.100     105.00
252.600     118.00
252.100     110.00
251.600     105.00
251.100     112.00
250.600      96.00
250.100     119.00
249.600     105.00
249.100     102.00
248.600     113.00
248.100     112.00
247.600     116.00
247.100     110.00
246.600     119.00
246.100     104.00
245.600     115.00
245.100     118.00
244.600     128.00
244.100     120.00
243.600      88.00
243.100     108.00
242.600     135.00
242.100     108.00
241.600     113.00
241.100     103.00
240.600     122.00
240.100     102.00
239.600     120.00
239.100     113.00
238.600      93.00
238.100     104.00
237.600     107.00
237.100     119.00
236.600     124.00
236.100     115.00
235.600     104.00
235.100     123.00
234.600     108.00
234.100     122.00
233.600      96.00
233.100     106.00
232.600     133.00
232.100     119.00
231.600     124.00
231.100      98.00
230.600     104.00
230.100     112.00
229.600      98.00
229.100     114.00
228.600     121.00
228.100     126.00
227.600     112.00
227.100     104.00
226.600     119.00
226.100     118.00
225.600     111.00
225.100     125.00
224.600     110.00
224.100     116.00
223.600     118.00
223.100     120.00
222.600     103.00
222.100     141.00
221.600     109.00
221.100     114.00
220.600     122.00
220.100     124.00
219.600     128.00
219.100      98.00
218.600     125.00
218.100     110.00
217.600     112.00
217.100     134.00
216.600     117.00
216.100     115.00
215.600     125.00
215.100     117.00
214.600     100.00
214.100     115.00
213.600      96.00
213.100     108.00
212.600     109.00
212.100     129.00
211.600     146.00
211.100      98.00
210.600     125.00
210.100     122.00
209.600     112.00
209.100     128.00
208.600     108.00
208.100     126.00
207.600     119.00
207.100     112.00
206.600     101.00
206.100     119.00
205.600     102.00
205.100     132.00
204.600     114.00
204.100     113.00
203.600      96.00
203.100     144.00
202.600     120.00
202.100     125.00
201.600     114.00
201.100     107.00
200.600     107.00
200.100      91.00
199.600     126.00
199.100     119.00
198.600     113.00
198.100     131.00
197.600     112.00
197.100     120.00
196.600     112.00
196.100     123.00
195.600     119.00
195.100     124.00
194.600     125.00
194.100     119.00
193.600     114.00
193.100     135.00
192.600     125.00
192.100     122.00
191.600     118.00
191.100     106.00
190.600     126.00
190.100     132.00
189.600     123.00
189.100     113.00
188.600     126.00
188.100     121.00
187.600     121.00
187.100     129.00
186.600     144.00
186.100     126.00
185.600     115.00
185.100     134.00
184.600     128.00
184.100     147.00
183.600     133.00
183.100     119.00
182.600     134.00
182.100     119.00
181.600     117.00
181.100     118.00
180.600     112.00
180.100     107.00
179.600     120.00
179.100     123.00
178.600     122.00
178.100     112.00
177.600     103.00
177.100      99.00
176.600     135.00
176.100     148.00
175.600     112.00
175.100     108.00
174.600     120.00
174.100     133.00
173.600     124.00
173.100     130.00
172.600     122.00
172.100     131.00
171.600     118.00
171.100     132.00
170.600     105.00
170.100     137.00
169.600     141.00
169.100     136.00
168.600     137.00
168.100     147.00
167.600     132.00
167.100     145.00
166.600     162.00
166.100     125.00
165.600     120.00
165.100     143.00
164.600     116.00
164.100     141.00
163.600     116.00
163.100     112.00
162.600     106.00
162.100     115.00
161.600     109.00
161.100     115.00
160.600     124.00
160.100     123.00
159.600     106.00
159.100      92.00
158.600      94.00
158.100      97.00
157.600     107.00
157.100     124.00
156.600     104.00
156.100     111.00
155.600      92.00
155.100     119.00
154.600     123.00
154.100     124.00
153.600     123.00
153.100     123.00
152.600     153.00
152.100     137.00
151.600     136.00
151.100     140.00
150.600     201.00
150.100     262.00
149.600     241.00
149.100     174.00
148.600     132.00
148.100     112.00
147.600     103.00
147.100      89.00
146.600      98.00
146.100      87.00
145.600      74.00
145.100      89.00
144.600      91.00
144.100      86.00
143.600      83.00
143.100      91.00
142.600      98.00
142.100     108.00
141.600     100.00
141.100      95.00
140.600      89.00
140.100      87.00
139.600      89.00
139.100      94.00
138.600      97.00
138.100      91.00
137.600      75.00
137.100      78.00
136.600     103.00
136.100     114.00
135.600     110.00
135.100      87.00
134.600      92.00
134.100      89.00
133.600      97.00
133.100     100.00
132.600      98.00
132.100     115.00
131.600     106.00
131.100      94.00
130.600      96.00
130.100      92.00
129.600      79.00
129.100      99.00
128.600     102.00
128.100      78.00
127.600      71.00
127.100      77.00
126.600      80.00
126.100      74.00
125.600      75.00
125.100      80.00
124.600      81.00
124.100      73.00
123.600      75.00
123.100      81.00
122.600      58.00
122.100      77.00
121.600      66.00
121.100      92.00
120.600      68.00
120.100      69.00
119.600      81.00
119.100      78.00
118.600      76.00
118.100     103.00
117.600      87.00
117.100      95.00
116.600     121.00
116.100     102.00
115.600     104.00
115.100     104.00
114.600      85.00
114.100      99.00
113.600      87.00
113.100      64.00
112.600      71.00
112.100      68.00
111.600      82.00
111.100      73.00
110.600      62.00
110.100      64.00
109.600      69.00
109.100      57.00
108.600      74.00
108.100      67.00
107.600      68.00
107.100      59.00
106.600      63.00
106.100      61.00
105.600      46.00
105.100      55.00
104.600      46.00
104.100      61.00
103.600      76.00
103.100      86.00
102.600      83.00
102.100      97.00
101.600      86.00
101.100      79.00
100.600      63.00
100.100      72.00
99.600     156.00
99.100     245.00
98.600     264.00
98.100     163.00
97.600     101.00
97.100      62.00
96.600      51.00
96.100      48.00
95.600      29.00
95.100      30.00
94.600      45.00
94.100      34.00
93.600      45.00
93.100      38.00
92.600      43.00
92.100      31.00
91.600      37.00
91.100      42.00
90.600      54.00
90.100      41.00
89.600      58.00
89.100      50.00
88.600      55.00
88.100      41.00
87.600      31.00
87.100      33.00
86.600      37.00
86.100      42.00
85.600      30.00
85.100      41.00
84.600      28.00
84.100      29.00
83.600      42.00
83.100      34.00
82.600      30.00
82.100      26.00
81.600      23.00
81.100      33.00
80.600      34.00
80.100      30.00
79.600      31.00
79.100      31.00
78.600      31.00
78.100      28.00
77.600      30.00
77.100      29.00
76.600      25.00
76.100      23.00
75.600      32.00
75.100      38.00
74.600      27.00
74.100      26.00
73.600      36.00
73.100      33.00
72.600      31.00
72.100      32.00
71.600      30.00
71.100      36.00
70.600      36.00
70.100      24.00
69.600      33.00
69.100      34.00
68.600      39.00
68.100      35.00
67.600      25.00
67.100      34.00
66.600      33.00
66.100      21.00
65.600      26.00
65.100      22.00
64.600      27.00
64.100      35.00
63.600      21.00
63.100      23.00
62.600      32.00
62.100      26.00
61.600      36.00
61.100      38.00
60.600      24.00
60.100      34.00
59.600      23.00
59.100      22.00
58.600      30.00
58.100      37.00
57.600      36.00
57.100      25.00
56.600      32.00
56.100      26.00
55.600      32.00
55.100      27.00
54.600      25.00
54.100      24.00
53.600      45.00
53.100      38.00
52.600      25.00
52.100      27.00
51.600      32.00
51.100      34.00
50.600      26.00
50.100      23.00
49.600      26.00
49.100      34.00
48.600      24.00
48.100      28.00
47.600      34.00
47.100      29.00
46.600      26.00
46.100      46.00
45.600      29.00
45.100      32.00
44.600      25.00
44.100      35.00
43.600      39.00
43.100      24.00
42.600      28.00
42.100      23.00
41.600      32.00
41.100      21.00
40.600      29.00
40.100      34.00
39.600      36.00
39.100      22.00
38.600      33.00
38.100      32.00
37.600      31.00
37.100      24.00
36.600      33.00
36.100      30.00
35.600      33.00
35.100      24.00
34.600      25.00
34.100      35.00
33.600      37.00
33.100      32.00
32.600      33.00
32.100      21.00
31.600      39.00
31.100      29.00
30.600      35.00
30.100      35.00
29.600      31.00
29.100      30.00
28.600      30.00
28.100      26.00
27.600      31.00
27.100      42.00
26.600      33.00
26.100      31.00
25.600      29.00
25.100      27.00
24.600      31.00
24.100      40.00
23.600      36.00
23.100      33.00
22.600      27.00
22.100      34.00
21.600      34.00
21.100      36.00
20.600      29.00
20.100      26.00
19.600      32.00
19.100      39.00
18.600      31.00
18.100      32.00
17.600      29.00
17.100      40.00
16.600      26.00
16.100      26.00
15.600      30.00
15.100      35.00
14.600      37.00
14.100      29.00
13.600      34.00
13.100      34.00
12.600      38.00
12.100      29.00
11.600      19.00
11.100      36.00
10.600      29.00
10.100      27.00
 9.600      21.00
 9.100      26.00
 8.600      33.00
 8.100      22.00
 7.600      33.00
 7.100      31.00
 6.600      30.00
 6.100      25.00
 5.600      34.00
 5.100      33.00
 4.600      36.00
 4.100      26.00
 3.600      25.00
 3.100      31.00
 2.600      29.00
 2.100      45.00
 1.600      34.00
 1.100      17.00
 0.600      32.00
