Energie O1s-peak
543.600     202.00
543.550     210.00
543.500     191.00
543.450     181.00
543.400     210.00
543.350     182.00
543.300     198.00
543.250     216.00
543.200     200.00
543.150     179.00
543.100     167.00
543.050     214.00
543.000     190.00
542.950     181.00
542.900     192.00
542.850     164.00
542.800     210.00
542.750     181.00
542.700     208.00
542.650     198.00
542.600     203.00
542.550     209.00
542.500     206.00
542.450     201.00
542.400     179.00
542.350     192.00
542.300     205.00
542.250     201.00
542.200     202.00
542.150     196.00
542.100     164.00
542.050     192.00
542.000     194.00
541.950     200.00
541.900     180.00
541.850     183.00
541.800     202.00
541.750     175.00
541.700     189.00
541.650     184.00
541.600     169.00
541.550     202.00
541.500     188.00
541.450     180.00
541.400     159.00
541.350     207.00
541.300     186.00
541.250     199.00
541.200     178.00
541.150     196.00
541.100     199.00
541.050     183.00
541.000     198.00
540.950     185.00
540.900     175.00
540.850     185.00
540.800     190.00
540.750     195.00
540.700     215.00
540.650     188.00
540.600     204.00
540.550     196.00
540.500     183.00
540.450     196.00
540.400     182.00
540.350     172.00
540.300     189.00
540.250     181.00
540.200     175.00
540.150     191.00
540.100     194.00
540.050     199.00
540.000     214.00
539.950     167.00
539.900     200.00
539.850     202.00
539.800     174.00
539.750     198.00
539.700     193.00
539.650     189.00
539.600     220.00
539.550     203.00
539.500     209.00
539.450     170.00
539.400     176.00
539.350     163.00
539.300     186.00
539.250     172.00
539.200     181.00
539.150     229.00
539.100     191.00
539.050     197.00
539.000     187.00
538.950     174.00
538.900     166.00
538.850     189.00
538.800     184.00
538.750     190.00
538.700     204.00
538.650     191.00
538.600     191.00
538.550     173.00
538.500     190.00
538.450     176.00
538.400     188.00
538.350     207.00
538.300     184.00
538.250     190.00
538.200     200.00
538.150     194.00
538.100     179.00
538.050     200.00
538.000     172.00
537.950     182.00
537.900     172.00
537.850     197.00
537.800     190.00
537.750     195.00
537.700     202.00
537.650     189.00
537.600     162.00
537.550     195.00
537.500     194.00
537.450     205.00
537.400     180.00
537.350     168.00
537.300     198.00
537.250     198.00
537.200     166.00
537.150     168.00
537.100     192.00
537.050     194.00
537.000     192.00
536.950     200.00
536.900     189.00
536.850     179.00
536.800     171.00
536.750     195.00
536.700     176.00
536.650     172.00
536.600     211.00
536.550     170.00
536.500     197.00
536.450     176.00
536.400     210.00
536.350     216.00
536.300     208.00
536.250     189.00
536.200     185.00
536.150     178.00
536.100     178.00
536.050     187.00
536.000     175.00
535.950     199.00
535.900     191.00
535.850     198.00
535.800     196.00
535.750     208.00
535.700     199.00
535.650     190.00
535.600     212.00
535.550     196.00
535.500     236.00
535.450     173.00
535.400     201.00
535.350     203.00
535.300     170.00
535.250     227.00
535.200     192.00
535.150     184.00
535.100     207.00
535.050     208.00
535.000     217.00
534.950     211.00
534.900     209.00
534.850     235.00
534.800     202.00
534.750     230.00
534.700     231.00
534.650     210.00
534.600     225.00
534.550     234.00
534.500     226.00
534.450     212.00
534.400     231.00
534.350     237.00
534.300     282.00
534.250     255.00
534.200     262.00
534.150     263.00
534.100     256.00
534.050     285.00
534.000     291.00
533.950     294.00
533.900     282.00
533.850     308.00
533.800     302.00
533.750     314.00
533.700     316.00
533.650     320.00
533.600     330.00
533.550     355.00
533.500     338.00
533.450     381.00
533.400     420.00
533.350     408.00
533.300     476.00
533.250     485.00
533.200     448.00
533.150     500.00
533.100     507.00
533.050     549.00
533.000     571.00
532.950     618.00
532.900     598.00
532.850     604.00
532.800     595.00
532.750     643.00
532.700     675.00
532.650     667.00
532.600     712.00
532.550     760.00
532.500     722.00
532.450     812.00
532.400     746.00
532.350     751.00
532.300     787.00
532.250     807.00
532.200     795.00
532.150     791.00
532.100     765.00
532.050     788.00
532.000     855.00
531.950     737.00
531.900     733.00
531.850     767.00
531.800     741.00
531.750     742.00
531.700     719.00
531.650     696.00
531.600     697.00
531.550     628.00
531.500     678.00
531.450     636.00
531.400     660.00
531.350     629.00
531.300     543.00
531.250     587.00
531.200     559.00
531.150     526.00
531.100     537.00
531.050     476.00
531.000     445.00
530.950     467.00
530.900     466.00
530.850     467.00
530.800     424.00
530.750     407.00
530.700     363.00
530.650     361.00
530.600     408.00
530.550     332.00
530.500     320.00
530.450     327.00
530.400     327.00
530.350     306.00
530.300     276.00
530.250     279.00
530.200     273.00
530.150     304.00
530.100     275.00
530.050     270.00
530.000     240.00
529.950     245.00
529.900     226.00
529.850     266.00
529.800     221.00
529.750     231.00
529.700     259.00
529.650     236.00
529.600     224.00
529.550     222.00
529.500     235.00
529.450     213.00
529.400     213.00
529.350     221.00
529.300     210.00
529.250     199.00
529.200     216.00
529.150     217.00
529.100     217.00
529.050     189.00
529.000     178.00
528.950     209.00
528.900     185.00
528.850     190.00
528.800     198.00
528.750     169.00
528.700     199.00
528.650     203.00
528.600     201.00
528.550     203.00
528.500     200.00
528.450     173.00
528.400     195.00
528.350     168.00
528.300     191.00
528.250     182.00
528.200     203.00
528.150     207.00
528.100     185.00
528.050     202.00
528.000     203.00
527.950     185.00
527.900     191.00
527.850     195.00
527.800     183.00
527.750     188.00
527.700     200.00
527.650     205.00
527.600     184.00
527.550     185.00
527.500     195.00
527.450     177.00
527.400     205.00
527.350     172.00
527.300     168.00
527.250     178.00
527.200     175.00
527.150     197.00
527.100     178.00
527.050     151.00
527.000     169.00
526.950     187.00
526.900     199.00
526.850     176.00
526.800     197.00
526.750     193.00
526.700     174.00
526.650     183.00
526.600     190.00
526.550     182.00
526.500     190.00
526.450     184.00
526.400     189.00
526.350     206.00
526.300     169.00
526.250     181.00
526.200     185.00
526.150     191.00
526.100     198.00
526.050     157.00
526.000     187.00
525.950     175.00
525.900     190.00
525.850     191.00
525.800     197.00
525.750     188.00
525.700     186.00
525.650     198.00
525.600     182.00
525.550     182.00
525.500     153.00
525.450     194.00
525.400     164.00
525.350     178.00
525.300     200.00
525.250     188.00
525.200     179.00
525.150     206.00
525.100     197.00
525.050     205.00
525.000     185.00
524.950     183.00
524.900     195.00
524.850     181.00
524.800     215.00
524.750     189.00
524.700     206.00
524.650     217.00
524.600     180.00
524.550     207.00
524.500     187.00
524.450     208.00
524.400     209.00
524.350     190.00
524.300     203.00
524.250     205.00
524.200     197.00
524.150     235.00
524.100     216.00
524.050     221.00
524.000     227.00
523.950     218.00
523.900     253.00
523.850     226.00
523.800     240.00
523.750     225.00
523.700     192.00
523.650     229.00
523.600     226.00
523.550     245.00
523.500     244.00
523.450     227.00
523.400     234.00
523.350     225.00
523.300     248.00
523.250     220.00
523.200     235.00
523.150     223.00
523.100     215.00
523.050     220.00
523.000     208.00
522.950     233.00
522.900     206.00
522.850     191.00
522.800     230.00
522.750     253.00
522.700     242.00
522.650     217.00
522.600     217.00
522.550     230.00
522.500     205.00
522.450     211.00
522.400     255.00
522.350     203.00
522.300     223.00
522.250     238.00
522.200     222.00
522.150     220.00
522.100     226.00
522.050     244.00
522.000     207.00
521.950     207.00
521.900     216.00
521.850     226.00
521.800     230.00
521.750     231.00
521.700     217.00
521.650     232.00
521.600     248.00
521.550     217.00
521.500     215.00
521.450     228.00
521.400     193.00
521.350     200.00
521.300     202.00
521.250     223.00
521.200     200.00
521.150     212.00
521.100     223.00
521.050     205.00
521.000     238.00
520.950     185.00
520.900     192.00
520.850     192.00
520.800     182.00
520.750     173.00
520.700     219.00
520.650     176.00
520.600     218.00
520.550     199.00
520.500     206.00
520.450     185.00
520.400     192.00
520.350     189.00
520.300     187.00
520.250     206.00
520.200     182.00
520.150     193.00
520.100     185.00
520.050     161.00
520.000     152.00
519.950     186.00
519.900     181.00
519.850     176.00
519.800     193.00
519.750     165.00
519.700     171.00
519.650     167.00
519.600     176.00
519.550     186.00
519.500     164.00
519.450     185.00
519.400     176.00
519.350     161.00
519.300     171.00
519.250     196.00
519.200     161.00
519.150     162.00
519.100     178.00
519.050     176.00
519.000     184.00
518.950     162.00
518.900     155.00
518.850     154.00
518.800     179.00
518.750     187.00
518.700     158.00
518.650     177.00
518.600     162.00
Energie C1s-Peak
298.600     167.00
298.550     159.00
298.500     161.00
298.450     192.00
298.400     174.00
298.350     159.00
298.300     158.00
298.250     154.00
298.200     179.00
298.150     151.00
298.100     150.00
298.050     177.00
298.000     166.00
297.950     156.00
297.900     162.00
297.850     164.00
297.800     168.00
297.750     181.00
297.700     178.00
297.650     180.00
297.600     170.00
297.550     161.00
297.500     163.00
297.450     178.00
297.400     179.00
297.350     177.00
297.300     164.00
297.250     148.00
297.200     179.00
297.150     194.00
297.100     172.00
297.050     167.00
297.000     186.00
296.950     154.00
296.900     175.00
296.850     154.00
296.800     157.00
296.750     178.00
296.700     160.00
296.650     172.00
296.600     165.00
296.550     147.00
296.500     162.00
296.450     169.00
296.400     179.00
296.350     165.00
296.300     182.00
296.250     154.00
296.200     149.00
296.150     168.00
296.100     168.00
296.050     169.00
296.000     184.00
295.950     176.00
295.900     173.00
295.850     182.00
295.800     183.00
295.750     160.00
295.700     157.00
295.650     165.00
295.600     155.00
295.550     165.00
295.500     154.00
295.450     191.00
295.400     159.00
295.350     165.00
295.300     203.00
295.250     168.00
295.200     184.00
295.150     172.00
295.100     173.00
295.050     188.00
295.000     163.00
294.950     200.00
294.900     197.00
294.850     172.00
294.800     157.00
294.750     149.00
294.700     165.00
294.650     168.00
294.600     177.00
294.550     165.00
294.500     184.00
294.450     178.00
294.400     154.00
294.350     167.00
294.300     174.00
294.250     163.00
294.200     168.00
294.150     177.00
294.100     148.00
294.050     166.00
294.000     165.00
293.950     164.00
293.900     151.00
293.850     183.00
293.800     161.00
293.750     166.00
293.700     148.00
293.650     176.00
293.600     159.00
293.550     178.00
293.500     167.00
293.450     154.00
293.400     160.00
293.350     169.00
293.300     162.00
293.250     164.00
293.200     177.00
293.150     167.00
293.100     169.00
293.050     154.00
293.000     180.00
292.950     153.00
292.900     182.00
292.850     160.00
292.800     166.00
292.750     172.00
292.700     151.00
292.650     198.00
292.600     164.00
292.550     154.00
292.500     162.00
292.450     164.00
292.400     171.00
292.350     180.00
292.300     166.00
292.250     157.00
292.200     193.00
292.150     165.00
292.100     158.00
292.050     188.00
292.000     186.00
291.950     166.00
291.900     164.00
291.850     175.00
291.800     189.00
291.750     178.00
291.700     155.00
291.650     177.00
291.600     169.00
291.550     167.00
291.500     174.00
291.450     182.00
291.400     175.00
291.350     149.00
291.300     184.00
291.250     154.00
291.200     175.00
291.150     157.00
291.100     186.00
291.050     153.00
291.000     179.00
290.950     169.00
290.900     162.00
290.850     173.00
290.800     169.00
290.750     168.00
290.700     193.00
290.650     173.00
290.600     155.00
290.550     157.00
290.500     166.00
290.450     160.00
290.400     172.00
290.350     167.00
290.300     147.00
290.250     165.00
290.200     148.00
290.150     141.00
290.100     184.00
290.050     174.00
290.000     178.00
289.950     174.00
289.900     181.00
289.850     188.00
289.800     165.00
289.750     168.00
289.700     177.00
289.650     176.00
289.600     156.00
289.550     158.00
289.500     178.00
289.450     181.00
289.400     173.00
289.350     172.00
289.300     167.00
289.250     196.00
289.200     148.00
289.150     166.00
289.100     198.00
289.050     148.00
289.000     157.00
288.950     162.00
288.900     150.00
288.850     168.00
288.800     160.00
288.750     171.00
288.700     177.00
288.650     178.00
288.600     199.00
288.550     157.00
288.500     180.00
288.450     175.00
288.400     164.00
288.350     182.00
288.300     169.00
288.250     179.00
288.200     168.00
288.150     162.00
288.100     157.00
288.050     151.00
288.000     174.00
287.950     188.00
287.900     169.00
287.850     191.00
287.800     174.00
287.750     163.00
287.700     159.00
287.650     178.00
287.600     200.00
287.550     169.00
287.500     195.00
287.450     201.00
287.400     168.00
287.350     175.00
287.300     154.00
287.250     186.00
287.200     168.00
287.150     185.00
287.100     172.00
287.050     181.00
287.000     169.00
286.950     162.00
286.900     176.00
286.850     173.00
286.800     204.00
286.750     211.00
286.700     163.00
286.650     161.00
286.600     195.00
286.550     195.00
286.500     185.00
286.450     158.00
286.400     183.00
286.350     192.00
286.300     183.00
286.250     190.00
286.200     195.00
286.150     179.00
286.100     176.00
286.050     210.00
286.000     194.00
285.950     216.00
285.900     179.00
285.850     206.00
285.800     184.00
285.750     197.00
285.700     189.00
285.650     189.00
285.600     198.00
285.550     195.00
285.500     188.00
285.450     209.00
285.400     191.00
285.350     204.00
285.300     205.00
285.250     174.00
285.200     194.00
285.150     201.00
285.100     178.00
285.050     185.00
285.000     203.00
284.950     230.00
284.900     213.00
284.850     228.00
284.800     218.00
284.750     189.00
284.700     207.00
284.650     220.00
284.600     216.00
284.550     206.00
284.500     208.00
284.450     186.00
284.400     206.00
284.350     209.00
284.300     194.00
284.250     198.00
284.200     179.00
284.150     204.00
284.100     185.00
284.050     200.00
284.000     217.00
283.950     196.00
283.900     202.00
283.850     190.00
283.800     186.00
283.750     196.00
283.700     180.00
283.650     172.00
283.600     208.00
283.550     194.00
283.500     180.00
283.450     176.00
283.400     188.00
283.350     182.00
283.300     154.00
283.250     181.00
283.200     183.00
283.150     194.00
283.100     183.00
283.050     195.00
283.000     179.00
282.950     187.00
282.900     150.00
282.850     167.00
282.800     177.00
282.750     166.00
282.700     166.00
282.650     168.00
282.600     169.00
282.550     174.00
282.500     158.00
282.450     186.00
282.400     151.00
282.350     175.00
282.300     183.00
282.250     164.00
282.200     178.00
282.150     151.00
282.100     174.00
282.050     178.00
282.000     173.00
281.950     167.00
281.900     197.00
281.850     148.00
281.800     180.00
281.750     188.00
281.700     183.00
281.650     177.00
281.600     160.00
281.550     158.00
281.500     158.00
281.450     161.00
281.400     174.00
281.350     164.00
281.300     175.00
281.250     173.00
281.200     193.00
281.150     182.00
281.100     155.00
281.050     157.00
281.000     166.00
280.950     169.00
280.900     163.00
280.850     166.00
280.800     163.00
280.750     159.00
280.700     184.00
280.650     177.00
280.600     157.00
280.550     139.00
280.500     157.00
280.450     158.00
280.400     190.00
280.350     185.00
280.300     187.00
280.250     172.00
280.200     163.00
280.150     173.00
280.100     187.00
280.050     134.00
280.000     146.00
279.950     172.00
279.900     177.00
279.850     171.00
279.800     156.00
279.750     168.00
279.700     184.00
279.650     173.00
279.600     178.00
279.550     175.00
279.500     182.00
279.450     162.00
279.400     179.00
279.350     162.00
279.300     169.00
279.250     147.00
279.200     152.00
279.150     167.00
279.100     171.00
279.050     158.00
279.000     176.00
278.950     167.00
278.900     166.00
278.850     180.00
278.800     152.00
278.750     151.00
278.700     178.00
278.650     140.00
278.600     162.00
278.550     164.00
278.500     165.00
278.450     181.00
278.400     159.00
278.350     186.00
278.300     165.00
278.250     199.00
278.200     169.00
278.150     151.00
278.100     184.00
278.050     177.00
278.000     193.00
277.950     167.00
277.900     154.00
277.850     164.00
277.800     189.00
277.750     171.00
277.700     184.00
277.650     176.00
277.600     171.00
277.550     153.00
277.500     169.00
277.450     181.00
277.400     164.00
277.350     174.00
277.300     164.00
277.250     159.00
277.200     150.00
277.150     172.00
277.100     182.00
277.050     185.00
277.000     163.00
276.950     159.00
276.900     174.00
276.850     171.00
276.800     188.00
276.750     173.00
276.700     147.00
276.650     157.00
276.600     175.00
276.550     155.00
276.500     172.00
276.450     176.00
276.400     163.00
276.350     172.00
276.300     167.00
276.250     188.00
276.200     185.00
276.150     188.00
276.100     166.00
276.050     180.00
276.000     173.00
275.950     172.00
275.900     166.00
275.850     191.00
275.800     168.00
275.750     149.00
275.700     175.00
275.650     179.00
275.600     173.00
275.550     162.00
275.500     173.00
275.450     177.00
275.400     198.00
275.350     185.00
275.300     185.00
275.250     169.00
275.200     175.00
275.150     175.00
275.100     166.00
275.050     174.00
275.000     184.00
274.950     179.00
274.900     162.00
274.850     179.00
274.800     168.00
274.750     177.00
274.700     159.00
274.650     181.00
274.600     165.00
274.550     163.00
274.500     184.00
274.450     171.00
274.400     156.00
274.350     159.00
274.300     174.00
274.250     167.00
274.200     189.00
274.150     201.00
274.100     196.00
274.050     163.00
274.000     162.00
273.950     155.00
273.900     176.00
273.850     131.00
273.800     171.00
273.750     158.00
273.700     180.00
273.650     158.00
273.600     182.00
Energie In3d-peak
173.600     166.00
173.550     169.00
173.500     196.00
173.450     185.00
173.400     156.00
173.350     175.00
173.300     170.00
173.250     187.00
173.200     180.00
173.150     185.00
173.100     185.00
173.050     171.00
173.000     174.00
172.950     172.00
172.900     207.00
172.850     180.00
172.800     174.00
172.750     188.00
172.700     181.00
172.650     191.00
172.600     186.00
172.550     168.00
172.500     172.00
172.450     208.00
172.400     185.00
172.350     162.00
172.300     190.00
172.250     204.00
172.200     210.00
172.150     161.00
172.100     211.00
172.050     212.00
172.000     170.00
171.950     182.00
171.900     197.00
171.850     180.00
171.800     176.00
171.750     184.00
171.700     176.00
171.650     211.00
171.600     205.00
171.550     196.00
171.500     174.00
171.450     163.00
171.400     216.00
171.350     220.00
171.300     193.00
171.250     199.00
171.200     183.00
171.150     175.00
171.100     202.00
171.050     183.00
171.000     201.00
170.950     200.00
170.900     186.00
170.850     216.00
170.800     224.00
170.750     185.00
170.700     211.00
170.650     168.00
170.600     230.00
170.550     235.00
170.500     167.00
170.450     185.00
170.400     211.00
170.350     193.00
170.300     182.00
170.250     199.00
170.200     197.00
170.150     203.00
170.100     196.00
170.050     190.00
170.000     209.00
169.950     224.00
169.900     196.00
169.850     182.00
169.800     200.00
169.750     220.00
169.700     218.00
169.650     194.00
169.600     211.00
169.550     202.00
169.500     200.00
169.450     236.00
169.400     193.00
169.350     230.00
169.300     179.00
169.250     219.00
169.200     224.00
169.150     205.00
169.100     211.00
169.050     223.00
169.000     219.00
168.950     239.00
168.900     223.00
168.850     205.00
168.800     210.00
168.750     246.00
168.700     209.00
168.650     229.00
168.600     214.00
168.550     218.00
168.500     236.00
168.450     223.00
168.400     206.00
168.350     226.00
168.300     246.00
168.250     238.00
168.200     219.00
168.150     224.00
168.100     207.00
168.050     205.00
168.000     230.00
167.950     239.00
167.900     252.00
167.850     242.00
167.800     241.00
167.750     195.00
167.700     229.00
167.650     226.00
167.600     215.00
167.550     215.00
167.500     230.00
167.450     220.00
167.400     238.00
167.350     215.00
167.300     232.00
167.250     203.00
167.200     223.00
167.150     219.00
167.100     209.00
167.050     223.00
167.000     218.00
166.950     216.00
166.900     231.00
166.850     216.00
166.800     213.00
166.750     229.00
166.700     196.00
166.650     217.00
166.600     243.00
166.550     213.00
166.500     222.00
166.450     219.00
166.400     236.00
166.350     209.00
166.300     205.00
166.250     203.00
166.200     238.00
166.150     194.00
166.100     248.00
166.050     220.00
166.000     197.00
165.950     195.00
165.900     233.00
165.850     219.00
165.800     190.00
165.750     201.00
165.700     207.00
165.650     199.00
165.600     220.00
165.550     226.00
165.500     202.00
165.450     203.00
165.400     194.00
165.350     209.00
165.300     194.00
165.250     215.00
165.200     220.00
165.150     192.00
165.100     192.00
165.050     192.00
165.000     192.00
164.950     186.00
164.900     192.00
164.850     196.00
164.800     194.00
164.750     178.00
164.700     173.00
164.650     180.00
164.600     200.00
164.550     194.00
164.500     207.00
164.450     197.00
164.400     196.00
164.350     216.00
164.300     176.00
164.250     182.00
164.200     177.00
164.150     187.00
164.100     164.00
164.050     168.00
164.000     201.00
163.950     180.00
163.900     198.00
163.850     156.00
163.800     168.00
163.750     183.00
163.700     213.00
163.650     178.00
163.600     186.00
163.550     161.00
163.500     171.00
163.450     190.00
163.400     191.00
163.350     207.00
163.300     169.00
163.250     179.00
163.200     170.00
163.150     199.00
163.100     173.00
163.050     170.00
163.000     185.00
162.950     163.00
162.900     165.00
162.850     197.00
162.800     173.00
162.750     175.00
162.700     176.00
162.650     160.00
162.600     156.00
162.550     170.00
162.500     186.00
162.450     166.00
162.400     175.00
162.350     180.00
162.300     166.00
162.250     156.00
162.200     183.00
162.150     180.00
162.100     164.00
162.050     162.00
162.000     152.00
161.950     187.00
161.900     174.00
161.850     178.00
161.800     170.00
161.750     143.00
161.700     164.00
161.650     162.00
161.600     186.00
161.550     162.00
161.500     175.00
161.450     180.00
161.400     129.00
161.350     175.00
161.300     175.00
161.250     164.00
161.200     148.00
161.150     185.00
161.100     168.00
161.050     173.00
161.000     156.00
160.950     171.00
160.900     156.00
160.850     160.00
160.800     176.00
160.750     171.00
160.700     154.00
160.650     160.00
160.600     178.00
160.550     160.00
160.500     154.00
160.450     148.00
160.400     177.00
160.350     157.00
160.300     174.00
160.250     158.00
160.200     148.00
160.150     161.00
160.100     172.00
160.050     161.00
160.000     176.00
159.950     173.00
159.900     154.00
159.850     161.00
159.800     164.00
159.750     182.00
159.700     185.00
159.650     171.00
159.600     149.00
159.550     167.00
159.500     177.00
159.450     163.00
159.400     166.00
159.350     155.00
159.300     168.00
159.250     165.00
159.200     175.00
159.150     137.00
159.100     145.00
159.050     171.00
159.000     142.00
158.950     173.00
158.900     188.00
158.850     173.00
158.800     155.00
158.750     181.00
158.700     156.00
158.650     149.00
158.600     175.00
158.550     168.00
158.500     162.00
158.450     171.00
158.400     163.00
158.350     169.00
158.300     163.00
158.250     179.00
158.200     167.00
158.150     158.00
158.100     151.00
158.050     167.00
158.000     179.00
157.950     174.00
157.900     156.00
157.850     151.00
157.800     173.00
157.750     142.00
157.700     153.00
157.650     153.00
157.600     159.00
157.550     153.00
157.500     154.00
157.450     150.00
157.400     161.00
157.350     164.00
157.300     163.00
157.250     170.00
157.200     170.00
157.150     182.00
157.100     189.00
157.050     171.00
157.000     166.00
156.950     149.00
156.900     187.00
156.850     139.00
156.800     166.00
156.750     180.00
156.700     173.00
156.650     169.00
156.600     169.00
156.550     165.00
156.500     161.00
156.450     175.00
156.400     152.00
156.350     163.00
156.300     172.00
156.250     157.00
156.200     155.00
156.150     178.00
156.100     182.00
156.050     159.00
156.000     159.00
155.950     172.00
155.900     154.00
155.850     157.00
155.800     154.00
155.750     147.00
155.700     179.00
155.650     190.00
155.600     149.00
155.550     197.00
155.500     177.00
155.450     160.00
155.400     176.00
155.350     167.00
155.300     187.00
155.250     173.00
155.200     170.00
155.150     217.00
155.100     185.00
155.050     180.00
155.000     165.00
154.950     171.00
154.900     199.00
154.850     161.00
154.800     161.00
154.750     184.00
154.700     192.00
154.650     192.00
154.600     194.00
154.550     180.00
154.500     198.00
154.450     196.00
154.400     187.00
154.350     209.00
154.300     180.00
154.250     185.00
154.200     179.00
154.150     203.00
154.100     218.00
154.050     186.00
154.000     191.00
153.950     191.00
153.900     212.00
153.850     189.00
153.800     186.00
153.750     232.00
153.700     235.00
153.650     218.00
153.600     206.00
153.550     197.00
153.500     175.00
153.450     207.00
153.400     188.00
153.350     201.00
153.300     217.00
153.250     204.00
153.200     217.00
153.150     208.00
153.100     200.00
153.050     203.00
153.000     204.00
152.950     209.00
152.900     183.00
152.850     195.00
152.800     235.00
152.750     186.00
152.700     207.00
152.650     202.00
152.600     208.00
152.550     185.00
152.500     210.00
152.450     214.00
152.400     193.00
152.350     207.00
152.300     213.00
152.250     241.00
152.200     196.00
152.150     209.00
152.100     216.00
152.050     205.00
152.000     211.00
151.950     210.00
151.900     211.00
151.850     211.00
151.800     226.00
151.750     197.00
151.700     215.00
151.650     235.00
151.600     202.00
151.550     251.00
151.500     244.00
151.450     243.00
151.400     263.00
151.350     223.00
151.300     253.00
151.250     249.00
151.200     236.00
151.150     260.00
151.100     248.00
151.050     262.00
151.000     290.00
150.950     277.00
150.900     299.00
150.850     286.00
150.800     304.00
150.750     315.00
150.700     346.00
150.650     340.00
150.600     306.00
150.550     363.00
150.500     348.00
150.450     337.00
150.400     375.00
150.350     370.00
150.300     383.00
150.250     387.00
150.200     366.00
150.150     376.00
150.100     399.00
150.050     385.00
150.000     372.00
149.950     399.00
149.900     375.00
149.850     351.00
149.800     391.00
149.750     383.00
149.700     334.00
149.650     311.00
149.600     327.00
149.550     329.00
149.500     352.00
149.450     305.00
149.400     291.00
149.350     257.00
149.300     262.00
149.250     243.00
149.200     267.00
149.150     244.00
149.100     265.00
149.050     231.00
149.000     214.00
148.950     264.00
148.900     239.00
148.850     210.00
148.800     232.00
148.750     201.00
148.700     223.00
148.650     211.00
148.600     205.00
148.550     184.00
148.500     215.00
148.450     195.00
148.400     195.00
148.350     169.00
148.300     177.00
148.250     184.00
148.200     157.00
148.150     192.00
148.100     160.00
148.050     165.00
148.000     160.00
147.950     165.00
147.900     157.00
147.850     171.00
147.800     140.00
147.750     178.00
147.700     169.00
147.650     181.00
147.600     150.00
147.550     160.00
147.500     166.00
147.450     173.00
147.400     160.00
147.350     139.00
147.300     165.00
147.250     154.00
147.200     153.00
147.150     135.00
147.100     155.00
147.050     161.00
147.000     170.00
146.950     145.00
146.900     160.00
146.850     139.00
146.800     129.00
146.750     130.00
146.700     139.00
146.650     156.00
146.600     154.00
146.550     153.00
146.500     129.00
146.450     143.00
146.400     131.00
146.350     117.00
146.300     163.00
146.250     137.00
146.200     173.00
146.150     128.00
146.100     136.00
146.050     146.00
146.000     148.00
145.950     141.00
145.900     146.00
145.850     141.00
145.800     146.00
145.750     120.00
145.700     136.00
145.650     136.00
145.600     143.00
145.550     141.00
145.500     132.00
145.450     156.00
145.400     139.00
145.350     145.00
145.300     136.00
145.250     155.00
145.200     149.00
145.150     134.00
145.100     146.00
145.050     146.00
145.000     141.00
144.950     118.00
144.900     158.00
144.850     149.00
144.800     139.00
144.750     138.00
144.700     134.00
144.650     130.00
144.600     140.00
144.550     152.00
144.500     162.00
144.450     163.00
144.400     131.00
144.350     144.00
144.300     164.00
144.250     150.00
144.200     130.00
144.150     157.00
144.100     148.00
144.050     146.00
144.000     125.00
143.950     131.00
143.900     120.00
143.850     143.00
143.800     126.00
143.750     115.00
143.700     133.00
143.650     155.00
143.600     110.00
143.550     154.00
143.500     158.00
143.450     153.00
143.400     152.00
143.350     134.00
143.300     127.00
143.250     145.00
143.200     142.00
143.150     143.00
143.100     138.00
143.050     136.00
143.000     116.00
142.950     137.00
142.900     139.00
142.850     165.00
142.800     147.00
142.750     149.00
142.700     157.00
142.650     155.00
142.600     146.00
142.550     134.00
142.500     128.00
142.450     158.00
142.400     161.00
142.350     144.00
142.300     136.00
142.250     122.00
142.200     149.00
142.150     147.00
142.100     162.00
142.050     149.00
142.000     134.00
141.950     140.00
141.900     146.00
141.850     153.00
141.800     168.00
141.750     154.00
141.700     157.00
141.650     143.00
141.600     140.00
141.550     153.00
141.500     159.00
141.450     152.00
141.400     130.00
141.350     151.00
141.300     157.00
141.250     137.00
141.200     145.00
141.150     153.00
141.100     127.00
141.050     162.00
141.000     146.00
140.950     136.00
140.900     152.00
140.850     134.00
140.800     137.00
140.750     130.00
140.700     157.00
140.650     144.00
140.600     158.00
140.550     141.00
140.500     148.00
140.450     150.00
140.400     154.00
140.350     149.00
140.300     133.00
140.250     127.00
140.200     141.00
140.150     158.00
140.100     165.00
140.050     150.00
140.000     156.00
139.950     155.00
139.900     157.00
139.850     162.00
139.800     148.00
139.750     159.00
139.700     150.00
139.650     169.00
139.600     134.00
139.550     136.00
139.500     149.00
139.450     141.00
139.400     147.00
139.350     131.00
139.300     156.00
139.250     132.00
139.200     168.00
139.150     151.00
139.100     140.00
139.050     147.00
139.000     162.00
138.950     143.00
138.900     152.00
138.850     143.00
138.800     144.00
138.750     154.00
138.700     134.00
138.650     163.00
138.600     176.00
138.550     169.00
138.500     168.00
138.450     141.00
138.400     142.00
138.350     137.00
138.300     152.00
138.250     151.00
138.200     149.00
138.150     138.00
138.100     151.00
138.050     137.00
138.000     122.00
137.950     122.00
137.900     151.00
137.850     139.00
137.800     136.00
137.750     148.00
137.700     152.00
137.650     164.00
137.600     116.00
137.550     142.00
137.500     157.00
137.450     137.00
137.400     152.00
137.350     147.00
137.300     141.00
137.250     135.00
137.200     142.00
137.150     138.00
137.100     147.00
137.050     137.00
137.000     137.00
136.950     137.00
136.900     129.00
136.850     153.00
136.800     110.00
136.750     162.00
136.700     128.00
136.650     159.00
136.600     143.00
136.550     122.00
136.500     160.00
136.450     150.00
136.400     146.00
136.350     150.00
136.300     143.00
136.250     149.00
136.200     149.00
136.150     148.00
136.100     144.00
136.050     142.00
136.000     144.00
135.950     120.00
135.900     141.00
135.850     155.00
135.800     146.00
135.750     140.00
135.700     153.00
135.650     129.00
135.600     121.00
135.550     135.00
135.500     124.00
135.450     142.00
135.400     156.00
135.350     142.00
135.300     166.00
135.250     141.00
135.200     152.00
135.150     135.00
135.100     159.00
135.050     137.00
135.000     151.00
134.950     133.00
134.900     124.00
134.850     137.00
134.800     136.00
134.750     127.00
134.700     171.00
134.650     174.00
134.600     139.00
134.550     155.00
134.500     132.00
134.450     161.00
134.400     149.00
134.350     125.00
134.300     154.00
134.250     150.00
134.200     138.00
134.150     136.00
134.100     145.00
134.050     131.00
134.000     149.00
133.950     150.00
133.900     155.00
133.850     153.00
133.800     144.00
133.750     156.00
133.700     153.00
133.650     133.00
133.600     128.00
133.550     146.00
133.500     162.00
133.450     123.00
133.400     153.00
133.350     124.00
133.300     155.00
133.250     139.00
133.200     142.00
133.150     125.00
133.100     140.00
133.050     163.00
133.000     132.00
132.950     139.00
132.900     143.00
132.850     141.00
132.800     147.00
132.750     135.00
132.700     126.00
132.650     128.00
132.600     166.00
132.550     151.00
132.500     127.00
132.450     137.00
132.400     143.00
132.350     140.00
132.300     145.00
132.250     154.00
132.200     130.00
132.150     139.00
132.100     149.00
132.050     150.00
132.000     158.00
131.950     151.00
131.900     158.00
131.850     129.00
131.800     159.00
131.750     127.00
131.700     140.00
131.650     145.00
131.600     134.00
131.550     141.00
131.500     144.00
131.450     139.00
131.400     136.00
131.350     150.00
131.300     125.00
131.250     125.00
131.200     136.00
131.150     133.00
131.100     150.00
131.050     143.00
131.000     129.00
130.950     129.00
130.900     139.00
130.850     132.00
130.800     153.00
130.750     139.00
130.700     133.00
130.650     136.00
130.600     137.00
130.550     103.00
130.500     134.00
130.450     128.00
130.400     148.00
130.350     121.00
130.300     143.00
130.250     132.00
130.200     146.00
130.150     111.00
130.100     130.00
130.050     130.00
130.000     115.00
129.950     117.00
129.900     144.00
129.850     121.00
129.800     145.00
129.750     136.00
129.700     122.00
129.650     120.00
129.600     126.00
129.550     109.00
129.500     108.00
129.450     140.00
129.400     143.00
129.350     143.00
129.300     124.00
129.250     122.00
129.200     139.00
129.150     111.00
129.100     136.00
129.050     116.00
129.000     111.00
128.950     130.00
128.900     139.00
128.850     149.00
128.800     120.00
128.750     118.00
128.700     118.00
128.650     110.00
128.600     120.00
128.550     134.00
128.500     136.00
128.450     131.00
128.400     112.00
128.350     144.00
128.300     134.00
128.250     111.00
128.200     119.00
128.150     111.00
128.100     121.00
128.050     129.00
128.000     135.00
127.950     124.00
127.900     116.00
127.850     107.00
127.800     133.00
127.750     147.00
127.700     121.00
127.650     126.00
127.600     129.00
127.550     118.00
127.500     125.00
127.450     103.00
127.400     135.00
127.350     132.00
127.300     133.00
127.250     124.00
127.200     121.00
127.150     104.00
127.100     114.00
127.050     123.00
127.000     102.00
126.950     128.00
126.900     126.00
126.850     117.00
126.800     108.00
126.750     128.00
126.700     116.00
126.650     126.00
126.600     110.00
126.550     116.00
126.500     130.00
126.450     118.00
126.400     128.00
126.350     124.00
126.300     107.00
126.250     133.00
126.200     136.00
126.150     119.00
126.100     134.00
126.050     107.00
126.000     115.00
125.950     118.00
125.900     136.00
125.850     102.00
125.800      95.00
125.750     115.00
125.700     117.00
125.650     118.00
125.600     134.00
125.550     133.00
125.500     111.00
125.450     133.00
125.400     115.00
125.350     124.00
125.300     127.00
125.250     114.00
125.200     138.00
125.150     134.00
125.100     109.00
125.050     127.00
125.000     115.00
124.950     125.00
124.900     147.00
124.850     119.00
124.800     120.00
124.750     128.00
124.700     123.00
124.650     109.00
124.600     129.00
124.550     126.00
124.500     123.00
124.450     124.00
124.400     116.00
124.350     120.00
124.300     132.00
124.250     125.00
124.200     140.00
124.150     139.00
124.100     108.00
124.050     107.00
124.000     122.00
123.950     116.00
123.900     115.00
123.850     135.00
123.800     133.00
123.750     116.00
123.700     114.00
123.650     128.00
123.600     125.00
123.550     107.00
123.500     127.00
123.450     133.00
123.400     111.00
123.350     131.00
123.300     113.00
123.250     143.00
123.200     109.00
123.150     125.00
123.100     134.00
123.050     122.00
123.000     124.00
122.950     139.00
122.900     126.00
122.850     103.00
122.800     118.00
122.750     119.00
122.700     118.00
122.650     128.00
122.600     123.00
122.550     117.00
122.500     119.00
122.450     125.00
122.400     112.00
122.350     104.00
122.300     126.00
122.250     130.00
122.200     132.00
122.150     120.00
122.100     130.00
122.050     123.00
122.000     123.00
121.950     125.00
121.900     125.00
121.850     116.00
121.800     129.00
121.750     112.00
121.700     132.00
121.650     122.00
121.600     131.00
121.550     115.00
121.500     127.00
121.450     130.00
121.400     132.00
121.350     119.00
121.300     137.00
121.250     128.00
121.200     132.00
121.150     121.00
121.100     131.00
121.050     127.00
121.000     119.00
120.950     120.00
120.900     140.00
120.850     118.00
120.800     122.00
120.750     114.00
120.700     143.00
120.650     117.00
120.600     133.00
120.550     109.00
120.500     137.00
120.450     113.00
120.400     112.00
120.350     133.00
120.300     147.00
120.250     114.00
120.200     119.00
120.150     139.00
120.100     129.00
120.050     136.00
120.000     149.00
119.950     132.00
119.900     139.00
119.850     130.00
119.800     140.00
119.750     118.00
119.700     111.00
119.650     129.00
119.600     122.00
119.550     136.00
119.500     129.00
119.450     127.00
119.400     131.00
119.350     132.00
119.300     140.00
119.250     138.00
119.200     132.00
119.150     123.00
119.100     125.00
119.050     140.00
119.000     124.00
118.950     139.00
118.900     149.00
118.850     137.00
118.800     134.00
118.750     133.00
118.700     121.00
118.650     137.00
118.600     140.00
118.550     132.00
118.500     136.00
118.450     167.00
118.400     151.00
118.350     134.00
118.300     144.00
118.250     149.00
118.200     129.00
118.150     131.00
118.100     148.00
118.050     151.00
118.000     155.00
117.950     154.00
117.900     182.00
117.850     140.00
117.800     126.00
117.750     129.00
117.700     130.00
117.650     145.00
117.600     149.00
117.550     164.00
117.500     166.00
117.450     159.00
117.400     153.00
117.350     151.00
117.300     167.00
117.250     152.00
117.200     165.00
117.150     152.00
117.100     175.00
117.050     156.00
117.000     168.00
116.950     178.00
116.900     148.00
116.850     162.00
116.800     140.00
116.750     165.00
116.700     137.00
116.650     174.00
116.600     152.00
116.550     162.00
116.500     161.00
116.450     177.00
116.400     163.00
116.350     178.00
116.300     168.00
116.250     157.00
116.200     172.00
116.150     186.00
116.100     186.00
116.050     152.00
116.000     160.00
115.950     179.00
115.900     167.00
115.850     173.00
115.800     157.00
115.750     178.00
115.700     138.00
115.650     152.00
115.600     164.00
115.550     166.00
115.500     150.00
115.450     154.00
115.400     139.00
115.350     137.00
115.300     139.00
115.250     166.00
115.200     151.00
115.150     168.00
115.100     151.00
115.050     170.00
115.000     170.00
114.950     140.00
114.900     138.00
114.850     133.00
114.800     161.00
114.750     151.00
114.700     159.00
114.650     139.00
114.600     141.00
114.550     139.00
114.500     155.00
114.450     132.00
114.400     147.00
114.350     132.00
114.300     145.00
114.250     119.00
114.200     139.00
114.150     143.00
114.100     140.00
114.050     131.00
114.000     131.00
113.950     122.00
113.900     145.00
113.850     136.00
113.800     140.00
113.750     123.00
113.700     122.00
113.650     127.00
113.600     109.00
113.550     116.00
113.500     107.00
113.450     115.00
113.400     110.00
113.350     105.00
113.300     120.00
113.250     120.00
113.200     110.00
113.150     131.00
113.100     108.00
113.050     115.00
113.000     113.00
112.950      87.00
112.900     116.00
112.850     130.00
112.800     116.00
112.750     117.00
112.700     119.00
112.650     113.00
112.600     118.00
112.550     121.00
112.500     111.00
112.450     119.00
112.400      99.00
112.350     119.00
112.300     107.00
112.250      92.00
112.200     116.00
112.150     133.00
112.100     104.00
112.050     124.00
112.000     106.00
111.950     122.00
111.900     108.00
111.850     104.00
111.800      92.00
111.750     100.00
111.700     113.00
111.650      99.00
111.600     103.00
111.550      95.00
111.500     110.00
111.450      94.00
111.400     103.00
111.350     100.00
111.300      97.00
111.250     111.00
111.200      95.00
111.150      76.00
111.100      81.00
111.050     110.00
111.000      84.00
110.950     110.00
110.900     110.00
110.850      93.00
110.800      80.00
110.750      74.00
110.700      89.00
110.650      86.00
110.600      96.00
110.550     117.00
110.500     101.00
110.450     100.00
110.400     107.00
110.350     102.00
110.300      79.00
110.250      87.00
110.200      91.00
110.150      88.00
110.100      99.00
110.050      93.00
110.000      97.00
109.950      96.00
109.900      86.00
109.850      87.00
109.800     103.00
109.750      84.00
109.700     109.00
109.650      83.00
109.600      90.00
109.550      97.00
109.500      82.00
109.450      93.00
109.400      90.00
109.350     104.00
109.300      74.00
109.250     108.00
109.200      92.00
109.150     113.00
109.100      97.00
109.050      93.00
109.000     113.00
108.950      95.00
108.900      93.00
108.850     106.00
108.800     106.00
108.750      89.00
108.700      85.00
108.650     104.00
108.600     107.00
108.550      95.00
108.500     101.00
108.450      95.00
108.400      84.00
108.350     111.00
108.300     113.00
108.250      91.00
108.200     108.00
108.150     101.00
108.100     105.00
108.050     108.00
108.000     108.00
107.950     120.00
107.900      91.00
107.850     101.00
107.800     111.00
107.750      94.00
107.700     100.00
107.650     118.00
107.600      90.00
107.550     100.00
107.500     109.00
107.450     103.00
107.400     101.00
107.350      81.00
107.300      90.00
107.250      91.00
107.200     105.00
107.150      98.00
107.100      95.00
107.050      99.00
107.000      90.00
106.950     107.00
106.900     107.00
106.850      96.00
106.800      92.00
106.750     105.00
106.700      96.00
106.650     100.00
106.600      82.00
106.550     112.00
106.500      97.00
106.450     101.00
106.400      93.00
106.350     115.00
106.300      76.00
106.250      90.00
106.200      97.00
106.150      96.00
106.100     109.00
106.050      85.00
106.000      89.00
105.950     100.00
105.900      89.00
105.850      92.00
105.800      74.00
105.750      92.00
105.700      92.00
105.650      85.00
105.600      89.00
105.550      97.00
105.500      95.00
105.450      78.00
105.400      80.00
105.350     106.00
105.300      91.00
105.250      94.00
105.200      87.00
105.150      95.00
105.100      82.00
105.050      95.00
105.000      83.00
104.950      86.00
104.900      77.00
104.850      76.00
104.800      96.00
104.750      89.00
104.700     100.00
104.650      96.00
104.600      86.00
104.550      80.00
104.500      97.00
104.450      84.00
104.400      91.00
104.350      94.00
104.300     101.00
104.250     108.00
104.200      92.00
104.150      87.00
104.100     106.00
104.050      99.00
104.000      87.00
103.950     108.00
103.900      98.00
103.850     101.00
103.800     107.00
103.750     102.00
103.700      96.00
103.650     119.00
103.600     109.00
103.550     104.00
103.500     123.00
103.450     127.00
103.400     127.00
103.350     115.00
103.300     126.00
103.250     129.00
103.200     102.00
103.150     130.00
103.100     154.00
103.050     130.00
103.000     140.00
102.950     133.00
102.900     125.00
102.850     140.00
102.800     138.00
102.750     141.00
102.700     139.00
102.650     146.00
102.600     141.00
102.550     146.00
102.500     148.00
102.450     152.00
102.400     150.00
102.350     136.00
102.300     133.00
102.250     143.00
102.200     142.00
102.150     116.00
102.100     134.00
102.050     151.00
102.000     132.00
101.950     166.00
101.900     143.00
101.850     102.00
101.800     123.00
101.750     148.00
101.700     130.00
101.650     133.00
101.600     121.00
101.550     131.00
101.500     110.00
101.450     133.00
101.400     111.00
101.350     103.00
101.300     110.00
101.250     115.00
101.200     104.00
101.150      99.00
101.100     115.00
101.050      91.00
101.000      97.00
100.950      97.00
100.900      93.00
100.850     107.00
100.800      90.00
100.750     107.00
100.700     102.00
100.650     100.00
100.600     116.00
100.550     145.00
100.500     103.00
100.450     112.00
100.400     102.00
100.350     110.00
100.300     124.00
100.250     114.00
100.200     136.00
100.150     162.00
100.100     154.00
100.050     154.00
100.000     141.00
99.950     164.00
99.900     156.00
99.850     166.00
99.800     230.00
99.750     226.00
99.700     246.00
99.650     256.00
99.600     268.00
99.550     292.00
99.500     269.00
99.450     279.00
99.400     312.00
99.350     342.00
99.300     325.00
99.250     360.00
99.200     363.00
99.150     380.00
99.100     385.00
99.050     382.00
99.000     401.00
98.950     384.00
98.900     414.00
98.850     399.00
98.800     391.00
98.750     446.00
98.700     409.00
98.650     407.00
98.600     374.00
98.550     412.00
98.500     371.00
98.450     326.00
98.400     321.00
98.350     312.00
98.300     306.00
98.250     295.00
98.200     261.00
98.150     233.00
98.100     246.00
98.050     218.00
98.000     205.00
97.950     186.00
97.900     168.00
97.850     177.00
97.800     153.00
97.750     135.00
97.700     128.00
97.650     129.00
97.600     124.00
97.550     122.00
97.500     114.00
97.450     117.00
97.400     102.00
97.350     101.00
97.300     105.00
97.250      83.00
97.200      99.00
97.150      78.00
97.100     103.00
97.050      72.00
97.000      76.00
96.950      75.00
96.900      64.00
96.850      72.00
96.800      63.00
96.750      87.00
96.700      79.00
96.650      58.00
96.600      71.00
96.550      71.00
96.500      64.00
96.450      74.00
96.400      69.00
96.350      61.00
96.300      66.00
96.250      64.00
96.200      59.00
96.150      60.00
96.100      65.00
96.050      55.00
96.000      57.00
95.950      53.00
95.900      59.00
95.850      61.00
95.800      78.00
95.750      65.00
95.700      47.00
95.650      69.00
95.600      67.00
95.550      61.00
95.500      51.00
95.450      56.00
95.400      65.00
95.350      66.00
95.300      59.00
95.250      64.00
95.200      53.00
95.150      51.00
95.100      79.00
95.050      54.00
95.000      62.00
94.950      56.00
94.900      57.00
94.850      54.00
94.800      55.00
94.750      46.00
94.700      54.00
94.650      50.00
94.600      59.00
94.550      53.00
94.500      62.00
94.450      56.00
94.400      65.00
94.350      57.00
94.300      62.00
94.250      64.00
94.200      69.00
94.150      53.00
94.100      67.00
94.050      65.00
94.000      50.00
93.950      79.00
93.900      73.00
93.850      68.00
93.800      57.00
93.750      66.00
93.700      72.00
93.650      49.00
93.600      57.00
93.550      63.00
93.500      58.00
93.450      64.00
93.400      58.00
93.350      66.00
93.300      55.00
93.250      83.00
93.200      66.00
93.150      66.00
93.100      60.00
93.050      72.00
93.000      68.00
92.950      54.00
92.900      53.00
92.850      59.00
92.800      65.00
92.750      55.00
92.700      62.00
92.650      73.00
92.600      65.00
92.550      55.00
92.500      64.00
92.450      61.00
92.400      65.00
92.350      54.00
92.300      55.00
92.250      70.00
92.200      56.00
92.150      59.00
92.100      47.00
92.050      63.00
92.000      57.00
91.950      58.00
91.900      52.00
91.850      50.00
91.800      52.00
91.750      44.00
91.700      54.00
91.650      66.00
91.600      57.00
91.550      56.00
91.500      55.00
91.450      56.00
91.400      65.00
91.350      59.00
91.300      59.00
91.250      75.00
91.200      51.00
91.150      77.00
91.100      79.00
91.050      64.00
91.000      71.00
90.950      79.00
90.900      84.00
90.850      67.00
90.800      63.00
90.750      53.00
90.700      83.00
90.650      63.00
90.600      75.00
90.550      63.00
90.500      92.00
90.450      84.00
90.400      86.00
90.350      81.00
90.300      64.00
90.250      79.00
90.200      85.00
90.150      83.00
90.100      52.00
90.050      77.00
90.000      63.00
89.950      71.00
89.900      73.00
89.850      76.00
89.800      69.00
89.750      76.00
89.700      58.00
89.650      71.00
89.600      68.00
89.550      75.00
89.500      76.00
89.450      88.00
89.400      85.00
89.350      65.00
89.300      73.00
89.250      69.00
89.200      78.00
89.150      64.00
89.100      72.00
89.050      59.00
89.000      69.00
88.950      70.00
88.900      65.00
88.850      74.00
88.800      71.00
88.750      64.00
88.700      95.00
88.650      85.00
88.600      67.00
88.550      77.00
88.500      78.00
88.450      58.00
88.400      55.00
88.350      73.00
88.300      63.00
88.250      62.00
88.200      75.00
88.150      53.00
88.100      45.00
88.050      62.00
88.000      61.00
87.950      78.00
87.900      63.00
87.850      63.00
87.800      62.00
87.750      74.00
87.700      58.00
87.650      66.00
87.600      55.00
87.550      54.00
87.500      58.00
87.450      48.00
87.400      47.00
87.350      47.00
87.300      54.00
87.250      44.00
87.200      46.00
87.150      58.00
87.100      47.00
87.050      42.00
87.000      52.00
86.950      52.00
86.900      57.00
86.850      50.00
86.800      48.00
86.750      48.00
86.700      56.00
86.650      43.00
86.600      41.00
86.550      55.00
86.500      45.00
86.450      53.00
86.400      50.00
86.350      39.00
86.300      35.00
86.250      51.00
86.200      57.00
86.150      46.00
86.100      50.00
86.050      41.00
86.000      48.00
85.950      41.00
85.900      38.00
85.850      41.00
85.800      51.00
85.750      41.00
85.700      56.00
85.650      47.00
85.600      46.00
85.550      38.00
85.500      44.00
85.450      41.00
85.400      38.00
85.350      49.00
85.300      46.00
85.250      48.00
85.200      54.00
85.150      31.00
85.100      46.00
85.050      42.00
85.000      58.00
84.950      48.00
84.900      45.00
84.850      47.00
84.800      46.00
84.750      40.00
84.700      55.00
84.650      46.00
84.600      36.00
84.550      49.00
84.500      45.00
84.450      44.00
84.400      55.00
84.350      35.00
84.300      35.00
84.250      39.00
84.200      48.00
84.150      55.00
84.100      41.00
84.050      52.00
84.000      53.00
83.950      46.00
83.900      41.00
83.850      37.00
83.800      35.00
83.750      51.00
83.700      56.00
83.650      45.00
83.600      62.00
Energie Sn3d-peak
103.600     133.00
103.550     110.00
103.500     133.00
103.450     110.00
103.400     124.00
103.350     121.00
103.300     117.00
103.250     119.00
103.200     114.00
103.150     118.00
103.100     131.00
103.050     125.00
103.000     139.00
102.950     144.00
102.900     127.00
102.850     144.00
102.800     135.00
102.750     158.00
102.700     154.00
102.650     146.00
102.600     139.00
102.550     155.00
102.500     134.00
102.450     160.00
102.400     167.00
102.350     147.00
102.300     156.00
102.250     144.00
102.200     153.00
102.150     136.00
102.100     138.00
102.050     147.00
102.000     147.00
101.950     122.00
101.900     138.00
101.850     123.00
101.800     124.00
101.750     149.00
101.700     108.00
101.650     132.00
101.600     119.00
101.550     129.00
101.500     114.00
101.450     103.00
101.400     116.00
101.350     109.00
101.300     126.00
101.250     115.00
101.200     103.00
101.150     123.00
101.100      93.00
101.050     112.00
101.000     111.00
100.950     113.00
100.900     107.00
100.850     109.00
100.800      97.00
100.750      98.00
100.700      92.00
100.650      99.00
100.600     125.00
100.550     101.00
100.500     126.00
100.450      97.00
100.400     121.00
100.350     115.00
100.300     152.00
100.250     136.00
100.200     119.00
100.150     137.00
100.100     129.00
100.050     165.00
100.000     175.00
99.950     170.00
99.900     196.00
99.850     198.00
99.800     208.00
99.750     203.00
99.700     221.00
99.650     244.00
99.600     251.00
99.550     283.00
99.500     284.00
99.450     293.00
99.400     306.00
99.350     351.00
99.300     348.00
99.250     347.00
99.200     372.00
99.150     385.00
99.100     401.00
99.050     415.00
99.000     406.00
98.950     387.00
98.900     403.00
98.850     408.00
98.800     376.00
98.750     416.00
98.700     392.00
98.650     402.00
98.600     425.00
98.550     376.00
98.500     402.00
98.450     335.00
98.400     318.00
98.350     322.00
98.300     295.00
98.250     294.00
98.200     245.00
98.150     241.00
98.100     244.00
98.050     209.00
98.000     205.00
97.950     181.00
97.900     189.00
97.850     166.00
97.800     168.00
97.750     154.00
97.700     134.00
97.650     125.00
97.600     135.00
97.550     125.00
97.500     121.00
97.450     103.00
97.400     118.00
97.350     101.00
97.300      97.00
97.250      98.00
97.200      89.00
97.150      66.00
97.100      77.00
97.050      90.00
97.000      76.00
96.950      82.00
96.900      63.00
96.850      80.00
96.800      69.00
96.750      64.00
96.700      65.00
96.650      65.00
96.600      74.00
96.550      53.00
96.500      73.00
96.450      59.00
96.400      46.00
96.350      68.00
96.300      57.00
96.250      59.00
96.200      65.00
96.150      62.00
96.100      56.00
96.050      57.00
96.000      56.00
95.950      67.00
95.900      56.00
95.850      59.00
95.800      70.00
95.750      51.00
95.700      53.00
95.650      70.00
95.600      64.00
95.550      52.00
95.500      44.00
95.450      56.00
95.400      66.00
95.350      55.00
95.300      60.00
95.250      61.00
95.200      56.00
95.150      53.00
95.100      60.00
95.050      69.00
95.000      55.00
94.950      61.00
94.900      51.00
94.850      57.00
94.800      61.00
94.750      77.00
94.700      58.00
94.650      50.00
94.600      70.00
94.550      53.00
94.500      55.00
94.450      53.00
94.400      57.00
94.350      57.00
94.300      66.00
94.250      81.00
94.200      58.00
94.150      65.00
94.100      66.00
94.050      66.00
94.000      71.00
93.950      78.00
93.900      62.00
93.850      60.00
93.800      61.00
93.750      63.00
93.700      66.00
93.650      53.00
93.600      67.00
93.550      61.00
93.500      73.00
93.450      55.00
93.400      55.00
93.350      58.00
93.300      59.00
93.250      63.00
93.200      76.00
93.150      74.00
93.100      60.00
93.050      65.00
93.000      67.00
92.950      49.00
92.900      62.00
92.850      68.00
92.800      74.00
92.750      73.00
92.700      55.00
92.650      53.00
92.600      62.00
92.550      53.00
92.500      56.00
92.450      54.00
92.400      70.00
92.350      51.00
92.300      67.00
92.250      72.00
92.200      68.00
92.150      56.00
92.100      59.00
92.050      67.00
92.000      56.00
91.950      56.00
91.900      70.00
91.850      50.00
91.800      51.00
91.750      77.00
91.700      77.00
91.650      57.00
91.600      78.00
91.550      53.00
91.500      67.00
91.450      56.00
91.400      70.00
91.350      65.00
91.300      62.00
91.250      65.00
91.200      57.00
91.150      77.00
91.100      74.00
91.050      58.00
91.000      61.00
90.950      72.00
90.900      90.00
90.850      75.00
90.800      52.00
90.750      69.00
90.700      76.00
90.650      74.00
90.600      77.00
90.550      70.00
90.500      86.00
90.450      82.00
90.400      72.00
90.350      84.00
90.300      72.00
90.250      87.00
90.200      93.00
90.150      86.00
90.100      67.00
90.050      66.00
90.000      83.00
89.950      77.00
89.900      62.00
89.850      64.00
89.800      64.00
89.750      89.00
89.700      75.00
89.650      64.00
89.600      62.00
89.550      78.00
89.500      77.00
89.450      62.00
89.400      71.00
89.350      60.00
89.300      73.00
89.250      63.00
89.200      57.00
89.150      86.00
89.100      68.00
89.050      68.00
89.000      82.00
88.950      64.00
88.900      67.00
88.850      63.00
88.800      72.00
88.750      68.00
88.700      80.00
88.650      64.00
88.600      88.00
Energie In3p-peak
583.600     181.00
583.550     196.00
583.500     227.00
583.450     194.00
583.400     203.00
583.350     233.00
583.300     196.00
583.250     220.00
583.200     210.00
583.150     245.00
583.100     214.00
583.050     223.00
583.000     200.00
582.950     180.00
582.900     213.00
582.850     235.00
582.800     211.00
582.750     198.00
582.700     205.00
582.650     204.00
582.600     211.00
582.550     218.00
582.500     233.00
582.450     206.00
582.400     204.00
582.350     169.00
582.300     200.00
582.250     192.00
582.200     206.00
582.150     232.00
582.100     203.00
582.050     219.00
582.000     216.00
581.950     206.00
581.900     200.00
581.850     189.00
581.800     246.00
581.750     218.00
581.700     196.00
581.650     222.00
581.600     203.00
581.550     231.00
581.500     202.00
581.450     211.00
581.400     211.00
581.350     192.00
581.300     181.00
581.250     189.00
581.200     206.00
581.150     215.00
581.100     189.00
581.050     208.00
581.000     231.00
580.950     211.00
580.900     188.00
580.850     210.00
580.800     211.00
580.750     181.00
580.700     211.00
580.650     200.00
580.600     222.00
580.550     220.00
580.500     197.00
580.450     208.00
580.400     238.00
580.350     194.00
580.300     217.00
580.250     210.00
580.200     233.00
580.150     217.00
580.100     224.00
580.050     203.00
580.000     215.00
579.950     188.00
579.900     213.00
579.850     214.00
579.800     185.00
579.750     230.00
579.700     239.00
579.650     197.00
579.600     201.00
579.550     196.00
579.500     215.00
579.450     241.00
579.400     201.00
579.350     208.00
579.300     218.00
579.250     202.00
579.200     228.00
579.150     229.00
579.100     190.00
579.050     227.00
579.000     192.00
578.950     228.00
578.900     208.00
578.850     198.00
578.800     213.00
578.750     207.00
578.700     217.00
578.650     209.00
578.600     228.00
578.550     215.00
578.500     201.00
578.450     196.00
578.400     178.00
578.350     194.00
578.300     205.00
578.250     229.00
578.200     220.00
578.150     194.00
578.100     211.00
578.050     210.00
578.000     205.00
577.950     217.00
577.900     213.00
577.850     184.00
577.800     196.00
577.750     194.00
577.700     203.00
577.650     204.00
577.600     209.00
577.550     205.00
577.500     230.00
577.450     220.00
577.400     206.00
577.350     222.00
577.300     202.00
577.250     207.00
577.200     214.00
577.150     203.00
577.100     213.00
577.050     210.00
577.000     235.00
576.950     235.00
576.900     201.00
576.850     204.00
576.800     210.00
576.750     216.00
576.700     205.00
576.650     201.00
576.600     230.00
576.550     206.00
576.500     205.00
576.450     235.00
576.400     209.00
576.350     211.00
576.300     191.00
576.250     203.00
576.200     195.00
576.150     189.00
576.100     217.00
576.050     219.00
576.000     222.00
575.950     241.00
575.900     197.00
575.850     207.00
575.800     210.00
575.750     181.00
575.700     216.00
575.650     226.00
575.600     211.00
575.550     204.00
575.500     203.00
575.450     207.00
575.400     239.00
575.350     203.00
575.300     244.00
575.250     208.00
575.200     222.00
575.150     197.00
575.100     233.00
575.050     205.00
575.000     224.00
574.950     233.00
574.900     208.00
574.850     210.00
574.800     205.00
574.750     222.00
574.700     195.00
574.650     206.00
574.600     219.00
574.550     232.00
574.500     199.00
574.450     216.00
574.400     201.00
574.350     215.00
574.300     216.00
574.250     197.00
574.200     209.00
574.150     199.00
574.100     197.00
574.050     188.00
574.000     216.00
573.950     212.00
573.900     219.00
573.850     204.00
573.800     213.00
573.750     228.00
573.700     205.00
573.650     208.00
573.600     236.00
573.550     188.00
573.500     206.00
573.450     218.00
573.400     227.00
573.350     217.00
573.300     209.00
573.250     203.00
573.200     217.00
573.150     220.00
573.100     216.00
573.050     220.00
573.000     229.00
572.950     209.00
572.900     211.00
572.850     200.00
572.800     196.00
572.750     209.00
572.700     218.00
572.650     204.00
572.600     228.00
572.550     180.00
572.500     195.00
572.450     183.00
572.400     221.00
572.350     239.00
572.300     218.00
572.250     223.00
572.200     242.00
572.150     203.00
572.100     215.00
572.050     198.00
572.000     233.00
571.950     208.00
571.900     222.00
571.850     210.00
571.800     211.00
571.750     215.00
571.700     242.00
571.650     245.00
571.600     224.00
571.550     192.00
571.500     225.00
571.450     231.00
571.400     222.00
571.350     184.00
571.300     211.00
571.250     200.00
571.200     196.00
571.150     193.00
571.100     227.00
571.050     232.00
571.000     225.00
570.950     239.00
570.900     228.00
570.850     186.00
570.800     203.00
570.750     214.00
570.700     190.00
570.650     236.00
570.600     193.00
570.550     233.00
570.500     203.00
570.450     206.00
570.400     209.00
570.350     199.00
570.300     201.00
570.250     222.00
570.200     214.00
570.150     204.00
570.100     216.00
570.050     209.00
570.000     230.00
569.950     202.00
569.900     204.00
569.850     234.00
569.800     231.00
569.750     219.00
569.700     210.00
569.650     226.00
569.600     234.00
569.550     204.00
569.500     224.00
569.450     212.00
569.400     205.00
569.350     215.00
569.300     215.00
569.250     199.00
569.200     192.00
569.150     228.00
569.100     204.00
569.050     201.00
569.000     213.00
568.950     202.00
568.900     214.00
568.850     197.00
568.800     217.00
568.750     180.00
568.700     217.00
568.650     206.00
568.600     214.00
568.550     213.00
568.500     196.00
568.450     197.00
568.400     245.00
568.350     225.00
568.300     210.00
568.250     211.00
568.200     229.00
568.150     216.00
568.100     223.00
568.050     197.00
568.000     206.00
567.950     200.00
567.900     214.00
567.850     219.00
567.800     204.00
567.750     216.00
567.700     204.00
567.650     231.00
567.600     192.00
567.550     225.00
567.500     204.00
567.450     217.00
567.400     222.00
567.350     211.00
567.300     213.00
567.250     201.00
567.200     194.00
567.150     219.00
567.100     190.00
567.050     196.00
567.000     237.00
566.950     191.00
566.900     212.00
566.850     212.00
566.800     212.00
566.750     194.00
566.700     181.00
566.650     217.00
566.600     241.00
566.550     228.00
566.500     203.00
566.450     217.00
566.400     213.00
566.350     227.00
566.300     203.00
566.250     235.00
566.200     207.00
566.150     220.00
566.100     213.00
566.050     224.00
566.000     209.00
565.950     214.00
565.900     205.00
565.850     210.00
565.800     244.00
565.750     208.00
565.700     216.00
565.650     212.00
565.600     226.00
565.550     215.00
565.500     208.00
565.450     200.00
565.400     219.00
565.350     217.00
565.300     226.00
565.250     198.00
565.200     222.00
565.150     200.00
565.100     209.00
565.050     232.00
565.000     227.00
564.950     229.00
564.900     231.00
564.850     223.00
564.800     207.00
564.750     223.00
564.700     210.00
564.650     211.00
564.600     215.00
564.550     194.00
564.500     193.00
564.450     203.00
564.400     233.00
564.350     219.00
564.300     247.00
564.250     208.00
564.200     217.00
564.150     244.00
564.100     228.00
564.050     211.00
564.000     185.00
563.950     215.00
563.900     200.00
563.850     229.00
563.800     207.00
563.750     217.00
563.700     214.00
563.650     229.00
563.600     237.00
