Energie Sn3d-peak
103.600     111.00
103.550      92.00
103.500     127.00
103.450     105.00
103.400      99.00
103.350     111.00
103.300     115.00
103.250     104.00
103.200     116.00
103.150     116.00
103.100     120.00
103.050     107.00
103.000     104.00
102.950     109.00
102.900     107.00
102.850     117.00
102.800     107.00
102.750     122.00
102.700     130.00
102.650     145.00
102.600     115.00
102.550     115.00
102.500     129.00
102.450     155.00
102.400     112.00
102.350     131.00
102.300     130.00
102.250     104.00
102.200     122.00
102.150     131.00
102.100     119.00
102.050     139.00
102.000     110.00
101.950     122.00
101.900     117.00
101.850     123.00
101.800     129.00
101.750     109.00
101.700     123.00
101.650      91.00
101.600     106.00
101.550     118.00
101.500      91.00
101.450     125.00
101.400     107.00
101.350     104.00
101.300      96.00
101.250      99.00
101.200     100.00
101.150     101.00
101.100     120.00
101.050     101.00
101.000     118.00
100.950     105.00
100.900     109.00
100.850     105.00
100.800      93.00
100.750     102.00
100.700      84.00
100.650     104.00
100.600     100.00
100.550      99.00
100.500     106.00
100.450     104.00
100.400     121.00
100.350      97.00
100.300     112.00
100.250     125.00
100.200     106.00
100.150     131.00
100.100     125.00
100.050     128.00
100.000     155.00
99.950     150.00
99.900     178.00
99.850     176.00
99.800     180.00
99.750     178.00
99.700     179.00
99.650     193.00
99.600     201.00
99.550     227.00
99.500     214.00
99.450     231.00
99.400     260.00
99.350     253.00
99.300     243.00
99.250     267.00
99.200     289.00
99.150     254.00
99.100     280.00
99.050     312.00
99.000     278.00
98.950     276.00
98.900     284.00
98.850     282.00
98.800     277.00
98.750     248.00
98.700     287.00
98.650     273.00
98.600     236.00
98.550     224.00
98.500     231.00
98.450     226.00
98.400     212.00
98.350     215.00
98.300     184.00
98.250     184.00
98.200     208.00
98.150     171.00
98.100     158.00
98.050     164.00
98.000     164.00
97.950     151.00
97.900     128.00
97.850     143.00
97.800     118.00
97.750     127.00
97.700     103.00
97.650     120.00
97.600     100.00
97.550      98.00
97.500     102.00
97.450      95.00
97.400     105.00
97.350      96.00
97.300      88.00
97.250      76.00
97.200     103.00
97.150      88.00
97.100      82.00
97.050      86.00
97.000     100.00
96.950      82.00
96.900      69.00
96.850      81.00
96.800      76.00
96.750      65.00
96.700      88.00
96.650      77.00
96.600      74.00
96.550      87.00
96.500      74.00
96.450      66.00
96.400      60.00
96.350      60.00
96.300      70.00
96.250      57.00
96.200      86.00
96.150      76.00
96.100      70.00
96.050      73.00
96.000      76.00
95.950      74.00
95.900      78.00
95.850      75.00
95.800      60.00
95.750      78.00
95.700      75.00
95.650      73.00
95.600      61.00
95.550      65.00
95.500      64.00
95.450      64.00
95.400      83.00
95.350      73.00
95.300      80.00
95.250      74.00
95.200      78.00
95.150      78.00
95.100      55.00
95.050      62.00
95.000      75.00
94.950      61.00
94.900      87.00
94.850      56.00
94.800      74.00
94.750      85.00
94.700      82.00
94.650      82.00
94.600      52.00
94.550      86.00
94.500      65.00
94.450      85.00
94.400      74.00
94.350      78.00
94.300      71.00
94.250      74.00
94.200      81.00
94.150      83.00
94.100      86.00
94.050      85.00
94.000      74.00
93.950      70.00
93.900      63.00
93.850      67.00
93.800      58.00
93.750      80.00
93.700      58.00
93.650      92.00
93.600      66.00
93.550      74.00
93.500      60.00
93.450      74.00
93.400      80.00
93.350      74.00
93.300      73.00
93.250      66.00
93.200      73.00
93.150      61.00
93.100      77.00
93.050      65.00
93.000      63.00
92.950      84.00
92.900      59.00
92.850      65.00
92.800      65.00
92.750      73.00
92.700      62.00
92.650      84.00
92.600      72.00
92.550      67.00
92.500      84.00
92.450      85.00
92.400      75.00
92.350      78.00
92.300      64.00
92.250      77.00
92.200      57.00
92.150      62.00
92.100      78.00
92.050      64.00
92.000      89.00
91.950      75.00
91.900      73.00
91.850      81.00
91.800      63.00
91.750      71.00
91.700      80.00
91.650      81.00
91.600      79.00
91.550      81.00
91.500      71.00
91.450      74.00
91.400      85.00
91.350      77.00
91.300      68.00
91.250      76.00
91.200      84.00
91.150      69.00
91.100      79.00
91.050      85.00
91.000      71.00
90.950      78.00
90.900      69.00
90.850      87.00
90.800      86.00
90.750      92.00
90.700      67.00
90.650      82.00
90.600      75.00
90.550      77.00
90.500      83.00
90.450      81.00
90.400      77.00
90.350      93.00
90.300      86.00
90.250      74.00
90.200      86.00
90.150      92.00
90.100      84.00
90.050      70.00
90.000      73.00
89.950      68.00
89.900      76.00
89.850      82.00
89.800      76.00
89.750      62.00
89.700      69.00
89.650      76.00
89.600      80.00
89.550      86.00
89.500      74.00
89.450      81.00
89.400      70.00
89.350      87.00
89.300      75.00
89.250      80.00
89.200      74.00
89.150      70.00
89.100      89.00
89.050      84.00
89.000      77.00
88.950      91.00
88.900      92.00
88.850      76.00
88.800      87.00
88.750      91.00
88.700      75.00
88.650      85.00
88.600      86.00
Energie In3p-peak
583.600     868.00
583.550     822.00
583.500     885.00
583.450     809.00
583.400     885.00
583.350     882.00
583.300     882.00
583.250     901.00
583.200     908.00
583.150     876.00
583.100     852.00
583.050     926.00
583.000     894.00
582.950     947.00
582.900     908.00
582.850     943.00
582.800     906.00
582.750     918.00
582.700     875.00
582.650     881.00
582.600     913.00
582.550     933.00
582.500     907.00
582.450     896.00
582.400     856.00
582.350     827.00
582.300     888.00
582.250     811.00
582.200     796.00
582.150     795.00
582.100     790.00
582.050     787.00
582.000     801.00
581.950     777.00
581.900     731.00
581.850     768.00
581.800     748.00
581.750     657.00
581.700     710.00
581.650     677.00
581.600     725.00
581.550     652.00
581.500     657.00
581.450     642.00
581.400     624.00
581.350     658.00
581.300     627.00
581.250     591.00
581.200     580.00
581.150     610.00
581.100     515.00
581.050     628.00
581.000     612.00
580.950     565.00
580.900     600.00
580.850     583.00
580.800     613.00
580.750     566.00
580.700     559.00
580.650     520.00
580.600     528.00
580.550     533.00
580.500     528.00
580.450     504.00
580.400     530.00
580.350     534.00
580.300     521.00
580.250     527.00
580.200     521.00
580.150     513.00
580.100     519.00
580.050     528.00
580.000     514.00
579.950     545.00
579.900     519.00
579.850     510.00
579.800     577.00
579.750     475.00
579.700     528.00
579.650     499.00
579.600     507.00
579.550     538.00
579.500     517.00
579.450     498.00
579.400     547.00
579.350     493.00
579.300     545.00
579.250     555.00
579.200     529.00
579.150     513.00
579.100     532.00
579.050     529.00
579.000     559.00
578.950     542.00
578.900     570.00
578.850     521.00
578.800     533.00
578.750     553.00
578.700     531.00
578.650     557.00
578.600     538.00
578.550     522.00
578.500     532.00
578.450     518.00
578.400     545.00
578.350     533.00
578.300     552.00
578.250     539.00
578.200     559.00
578.150     546.00
578.100     553.00
578.050     592.00
578.000     531.00
577.950     562.00
577.900     567.00
577.850     617.00
577.800     558.00
577.750     539.00
577.700     563.00
577.650     524.00
577.600     588.00
577.550     560.00
577.500     572.00
577.450     603.00
577.400     551.00
577.350     609.00
577.300     615.00
577.250     631.00
577.200     595.00
577.150     579.00
577.100     592.00
577.050     614.00
577.000     611.00
576.950     603.00
576.900     603.00
576.850     650.00
576.800     643.00
576.750     593.00
576.700     661.00
576.650     657.00
576.600     641.00
576.550     694.00
576.500     659.00
576.450     636.00
576.400     622.00
576.350     632.00
576.300     672.00
576.250     683.00
576.200     625.00
576.150     640.00
576.100     682.00
576.050     647.00
576.000     664.00
575.950     660.00
575.900     683.00
575.850     738.00
575.800     721.00
575.750     710.00
575.700     759.00
575.650     734.00
575.600     808.00
575.550     777.00
575.500     789.00
575.450     797.00
575.400     733.00
575.350     836.00
575.300     829.00
575.250     790.00
575.200     830.00
575.150     917.00
575.100     829.00
575.050     914.00
575.000     845.00
574.950     942.00
574.900     889.00
574.850     921.00
574.800    1000.00
574.750     930.00
574.700     972.00
574.650    1011.00
574.600    1044.00
574.550    1031.00
574.500    1046.00
574.450    1064.00
574.400    1134.00
574.350    1120.00
574.300    1166.00
574.250    1131.00
574.200    1121.00
574.150    1194.00
574.100    1166.00
574.050    1172.00
574.000    1222.00
573.950    1318.00
573.900    1270.00
573.850    1312.00
573.800    1299.00
573.750    1220.00
573.700    1358.00
573.650    1351.00
573.600    1335.00
573.550    1275.00
573.500    1265.00
573.450    1287.00
573.400    1259.00
573.350    1262.00
573.300    1204.00
573.250    1192.00
573.200    1175.00
573.150    1164.00
573.100    1075.00
573.050    1076.00
573.000    1057.00
572.950    1038.00
572.900    1019.00
572.850     906.00
572.800     951.00
572.750     867.00
572.700     861.00
572.650     861.00
572.600     723.00
572.550     746.00
572.500     748.00
572.450     720.00
572.400     738.00
572.350     673.00
572.300     601.00
572.250     595.00
572.200     570.00
572.150     580.00
572.100     515.00
572.050     501.00
572.000     485.00
571.950     489.00
571.900     475.00
571.850     454.00
571.800     442.00
571.750     437.00
571.700     403.00
571.650     431.00
571.600     404.00
571.550     419.00
571.500     370.00
571.450     375.00
571.400     391.00
571.350     352.00
571.300     405.00
571.250     365.00
571.200     373.00
571.150     340.00
571.100     335.00
571.050     330.00
571.000     332.00
570.950     308.00
570.900     302.00
570.850     312.00
570.800     334.00
570.750     311.00
570.700     319.00
570.650     303.00
570.600     348.00
570.550     301.00
570.500     309.00
570.450     292.00
570.400     310.00
570.350     297.00
570.300     336.00
570.250     296.00
570.200     307.00
570.150     310.00
570.100     297.00
570.050     300.00
570.000     303.00
569.950     308.00
569.900     280.00
569.850     316.00
569.800     293.00
569.750     296.00
569.700     295.00
569.650     310.00
569.600     282.00
569.550     305.00
569.500     291.00
569.450     287.00
569.400     295.00
569.350     303.00
569.300     296.00
569.250     282.00
569.200     270.00
569.150     307.00
569.100     313.00
569.050     243.00
569.000     294.00
568.950     274.00
568.900     279.00
568.850     307.00
568.800     316.00
568.750     285.00
568.700     289.00
568.650     252.00
568.600     287.00
568.550     298.00
568.500     305.00
568.450     289.00
568.400     336.00
568.350     294.00
568.300     285.00
568.250     276.00
568.200     299.00
568.150     316.00
568.100     285.00
568.050     338.00
568.000     287.00
567.950     300.00
567.900     320.00
567.850     309.00
567.800     277.00
567.750     318.00
567.700     273.00
567.650     316.00
567.600     300.00
567.550     286.00
567.500     276.00
567.450     261.00
567.400     300.00
567.350     332.00
567.300     301.00
567.250     282.00
567.200     271.00
567.150     283.00
567.100     329.00
567.050     290.00
567.000     297.00
566.950     318.00
566.900     284.00
566.850     285.00
566.800     304.00
566.750     300.00
566.700     304.00
566.650     288.00
566.600     324.00
566.550     275.00
566.500     314.00
566.450     280.00
566.400     321.00
566.350     301.00
566.300     303.00
566.250     315.00
566.200     324.00
566.150     307.00
566.100     296.00
566.050     341.00
566.000     368.00
565.950     301.00
565.900     310.00
565.850     323.00
565.800     357.00
565.750     309.00
565.700     311.00
565.650     338.00
565.600     311.00
565.550     335.00
565.500     320.00
565.450     346.00
565.400     339.00
565.350     354.00
565.300     324.00
565.250     277.00
565.200     320.00
565.150     361.00
565.100     360.00
565.050     324.00
565.000     347.00
564.950     301.00
564.900     349.00
564.850     327.00
564.800     312.00
564.750     303.00
564.700     300.00
564.650     340.00
564.600     320.00
564.550     325.00
564.500     323.00
564.450     332.00
564.400     308.00
564.350     331.00
564.300     348.00
564.250     327.00
564.200     348.00
564.150     321.00
564.100     322.00
564.050     314.00
564.000     304.00
563.950     305.00
563.900     356.00
563.850     291.00
563.800     315.00
563.750     311.00
563.700     314.00
563.650     282.00
563.600     324.00
